1305031102.175304 0.0000000 0.0000000 0.0000000 0.0000000 0.0000000 0.0000000 1.0000000
1305031103.143318 -0.0179670 0.0637567 0.3363837 -0.0475527 -0.0253176 0.0030553 0.9985431
1305031104.675525 0.0230487 -0.0635486 -0.0532738 0.0216578 -0.0103486 -0.0070217 0.9996872
1305031104.875350 0.0229807 -0.0453809 -0.1018059 0.0881740 0.0280004 0.0066369 0.9956893
1305031106.111327 -0.0058525 0.0439362 0.3416084 -0.0511794 0.0057551 0.0160693 0.9985436
1305031106.343258 -0.0123000 0.0674454 0.3946450 -0.0729434 -0.0041435 0.0276454 0.9969442
1305031106.475345 -0.0162503 0.0538709 0.3940080 -0.0928450 0.0059542 0.0087481 0.9956244
1305031107.975807 0.0434275 -0.0268975 0.0285607 -0.0016895 0.0157523 -0.0233835 0.9996010
1305031108.111378 0.0848991 -0.0278604 0.0398944 0.0081032 0.0400129 -0.0172906 0.9990167
1305031108.375410 0.1749481 -0.0059609 0.0699139 -0.0063910 0.0503410 -0.0064170 0.9986910
1305031108.711411 0.3163455 0.0000880 0.0862122 -0.0169572 0.0751472 0.0258007 0.9966944
1305031109.211379 0.2635933 0.0160313 0.0711716 -0.0122963 0.0541512 0.0350893 0.9978403
1305031109.375397 0.1863703 0.0028975 0.0675570 -0.0300253 0.0258429 0.0419057 0.9983359
1305031110.011256 -0.0686878 0.0208488 0.0647290 -0.0624229 -0.0201927 -0.0044176 0.9978357
1305031110.411469 -0.2131995 0.0262583 0.0736441 -0.0727655 -0.0583799 -0.0365090 0.9949694
1305031110.643418 -0.2885385 0.0337305 0.0789392 -0.0873510 -0.0950274 -0.0654925 0.9894697
1305031111.179326 -0.2567376 0.0517819 0.0928228 -0.0873140 -0.0890220 -0.0703589 0.9896974
1305031112.211254 0.1886135 0.0048127 0.0976705 -0.0399255 0.0653339 -0.0099464 0.9970148
1305031112.411442 0.2572110 0.0001681 0.0978444 -0.0097345 0.0775706 -0.0075888 0.9969105
1305031112.611261 0.3275984 0.0044338 0.0925463 0.0039397 0.0603312 0.0326023 0.9976380
1305031112.811310 0.3243144 0.0050819 0.1040125 -0.0176108 0.0901232 0.0471522 0.9946579
1305031113.179343 0.2382080 0.0056179 0.0950303 -0.0369075 0.0535798 0.0340203 0.9973012
1305031114.311429 -0.2699585 0.0121394 0.0973312 -0.0209492 -0.0420092 -0.0533824 0.9974701
1305031114.511266 -0.3315023 0.0149291 0.1050569 -0.0216693 -0.0704930 -0.0700369 0.9948146
1305031114.711306 -0.3600158 0.0098949 0.1150864 -0.0372461 -0.0893317 -0.0627056 0.9933280
1305031115.111230 -0.2923990 0.0399709 0.1294469 -0.0438903 -0.0860159 -0.0776891 0.9922900
1305031115.779425 0.0650580 0.0153917 0.1620344 -0.0583057 -0.0181834 0.0342783 0.9975444
1305031116.011379 0.1775021 0.0263216 0.1664560 -0.0600088 0.0250244 0.0781655 0.9948180
1305031116.279385 0.2613233 0.0323560 0.1818044 -0.0875962 0.0921376 0.1005753 0.9867736
1305031116.511205 0.2751952 0.0259626 0.1744224 -0.0844003 0.1170198 0.1211798 0.9820888
1305031116.846089 0.1254024 0.0335785 0.1588766 -0.0749488 0.0790065 0.0422403 0.9931548
1305031118.179323 -0.0511058 -0.1597725 0.2250558 -0.0809155 -0.0374674 -0.0152894 0.9958991
1305031119.579559 -0.0535709 0.1078077 0.1101407 -0.0530897 -0.0478148 -0.0215228 0.9972121
1305031119.879214 -0.0607219 0.1952750 0.0952835 -0.0785194 -0.0344948 -0.0047298 0.9963044
1305031120.514819 -0.0617400 0.1317029 0.1180450 -0.0656884 -0.0311579 -0.0010044 0.9973531
1305031121.383226 -0.0545936 -0.1199843 0.2041050 -0.0226967 -0.0611904 -0.0013338 0.9978671
1305031121.614700 -0.0589993 -0.1813826 0.2227129 -0.0149189 -0.0517149 -0.0019377 0.9985486
1305031121.882060 -0.0629688 -0.2244568 0.2416773 -0.0263772 -0.0388576 0.0082902 0.9988621
1305031122.214959 -0.0637239 -0.1532552 0.2153715 -0.0217908 -0.0411210 -0.0197334 0.9987216
1305031123.214704 -0.0695210 0.1673652 0.1053830 -0.0750396 -0.0498064 -0.0171177 0.9957888
1305031123.483594 -0.0631451 0.2380280 0.0989500 -0.1115120 -0.0229850 -0.0017596 0.9934957
1305031123.783858 -0.0504178 0.3030009 0.0892936 -0.1297861 -0.0124851 0.0137946 0.9913675
1305031124.111331 -0.0538286 0.2794747 0.1014026 -0.1083932 -0.0294888 0.0193632 0.9934819
1305031125.650575 -0.0637431 -0.1800828 0.2440767 -0.0294337 -0.0303076 -0.0206280 0.9988942
