1305031102.175304 0.000000000 0.000000000 0.000000000 0.000000000 0.000000000 0.000000000 1.000000000
1305031102.211214 -0.001593450 0.008032000 0.010888838 -0.001938084 -0.002995299 -0.001704387 0.999992192
1305031102.275326 -0.003567868 0.008535925 0.035184097 -0.013217839 -0.008549222 -0.001250143 0.999875307
1305031102.311267 -0.001473991 0.006426384 0.048761327 -0.018278552 -0.011471814 -0.000170243 0.999767125
1305031102.343233 -0.002797581 0.007466501 0.060098913 -0.020104667 -0.012813527 0.001755302 0.999714196
1305031102.375329 -0.003489955 0.008152011 0.072355591 -0.022140939 -0.014707649 0.001703709 0.999645233
1305031102.411258 -0.007038596 0.012986775 0.083173588 -0.022865325 -0.016531907 0.000783333 0.999601543
1305031102.443271 -0.003421331 0.020071544 0.092887253 -0.026539398 -0.021656027 0.001138403 0.999412537
1305031102.475318 -0.000422803 0.018813441 0.105620064 -0.034304317 -0.024916848 0.000880386 0.999100387
1305031102.511219 0.000346147 0.020302005 0.118456081 -0.038685791 -0.023912467 -0.000616793 0.998965085
1305031102.575286 0.002126963 0.014132708 0.144072056 -0.046860769 -0.022262147 -0.003506481 0.998647153
1305031102.611233 -0.000958522 0.011768322 0.155714169 -0.044710122 -0.018342992 -0.003080735 0.998826802
1305031102.675285 -0.006227466 0.022518840 0.178586110 -0.042362303 -0.018022174 -0.000855287 0.998939395
1305031102.711263 -0.006113696 0.022070002 0.192414477 -0.043682948 -0.018556183 0.000329671 0.998873055
1305031102.743234 -0.006469605 0.029494973 0.203958377 -0.043311112 -0.018726880 0.002217633 0.998883665
1305031102.775472 -0.003535485 0.030360244 0.217462331 -0.045510828 -0.017763300 0.000322957 0.998805881
1305031102.811232 -0.006075497 0.034119774 0.229675546 -0.046194158 -0.013852786 -0.000680550 0.998836160
1305031102.843290 -0.004240401 0.035245944 0.242765784 -0.047786746 -0.011314527 -0.001693875 0.998791993
1305031102.875363 -0.008411936 0.037692282 0.254464209 -0.046915598 -0.006978039 -0.003927751 0.998866737
1305031102.911185 -0.008885415 0.041371554 0.266543031 -0.046157282 -0.005697922 -0.005438186 0.998903155
1305031102.975203 -0.023352969 0.047546282 0.286683977 -0.046144664 -0.007887347 -0.007031081 0.998878896
1305031103.011215 -0.022555780 0.051947512 0.298486322 -0.046490151 -0.014820903 -0.004330339 0.998799384
1305031103.043227 -0.023799568 0.054936230 0.309156984 -0.048105687 -0.020285849 -0.002236695 0.998633683
1305031103.075319 -0.019345265 0.053759709 0.320915043 -0.048895668 -0.024543552 -0.000030219 0.998502254
1305031103.111240 -0.019647446 0.061889932 0.327958077 -0.046084519 -0.024174431 0.001635577 0.998643637
1305031103.143318 -0.017966965 0.063756689 0.336383700 -0.047552671 -0.025317620 0.003055296 0.998543143
1305031103.175452 -0.018921169 0.069547512 0.343977153 -0.047199998 -0.023541098 0.003555113 0.998601675
1305031103.243216 -0.018999519 0.079023294 0.359577179 -0.057685032 -0.024061942 0.008814136 0.998005927
1305031103.275370 -0.025661241 0.080165409 0.364581287 -0.066898607 -0.024335967 0.012017984 0.997390568
1305031103.311210 -0.025239779 0.074421287 0.371044874 -0.075201996 -0.033841241 0.012002201 0.996521652
1305031103.343223 -0.018604040 0.076757625 0.373115450 -0.075274363 -0.039948463 0.011963530 0.996290505
1305031103.375327 -0.017014708 0.075340070 0.373688877 -0.079197131 -0.038862512 0.013724291 0.996006608
1305031103.411260 -0.017924305 0.071059547 0.373599112 -0.081816629 -0.038117643 0.014965013 0.995805740
1305031103.443280 -0.019946489 0.068237700 0.368904144 -0.082272567 -0.039501749 0.014908235 0.995715082
1305031103.475274 -0.019683249 0.064438507 0.365025491 -0.082294293 -0.042215314 0.012347762 0.995637000
1305031103.511333 -0.018234897 0.058589268 0.358189046 -0.080905363 -0.044170771 0.010418896 0.995688081
1305031103.543444 -0.016856302 0.053339243 0.350330085 -0.077281892 -0.046019249 0.008775638 0.995907962
1305031103.575474 -0.019960769 0.051297739 0.340367794 -0.072574124 -0.045947671 0.008636185 0.996266663
1305031103.611223 -0.019791875 0.046399001 0.330657095 -0.070587493 -0.049361162 0.010021851 0.996233106
1305031103.643445 -0.020251960 0.042475190 0.319007516 -0.067583837 -0.052844048 0.009754129 0.996265411
1305031103.675523 -0.015997112 0.038568452 0.308058351 -0.065331720 -0.056666933 0.011156924 0.996190786
1305031103.711610 -0.013256365 0.034895923 0.295965582 -0.062984891 -0.058246072 0.011280853 0.996249497
1305031103.743326 -0.011014523 0.027190723 0.283297271 -0.061691672 -0.058309838 0.010379330 0.996336460
1305031103.775342 -0.010766020 0.025385054 0.268327087 -0.058008563 -0.057578579 0.007008978 0.996629596
1305031103.811242 -0.012118841 0.024443366 0.256298989 -0.057804268 -0.055442262 0.003335124 0.996781647
1305031103.843251 -0.013200187 0.026085937 0.242333919 -0.059399821 -0.055268433 0.001024435 0.996702552
1305031103.875361 -0.014741902 0.013245042 0.231184304 -0.068475634 -0.057633512 -0.002265036 0.995984077
1305031103.911221 -0.012427216 0.009330120 0.214928433 -0.065999389 -0.062107623 -0.003865744 0.995877385
1305031103.943211 -0.012241415 0.004996119 0.201479152 -0.064817421 -0.064097144 -0.004810033 0.995824814
1305031103.975373 -0.008217463 -0.000756213 0.188466728 -0.063412637 -0.067050226 -0.005926597 0.995714784
1305031104.011232 -0.003143787 -0.008908812 0.176474586 -0.061279248 -0.068274103 -0.006146947 0.995763898
1305031104.043249 -0.000219155 -0.011712119 0.160719737 -0.053992096 -0.065247394 -0.007821470 0.996376693
1305031104.075425 0.002197312 -0.011918054 0.144898161 -0.049510956 -0.060876030 -0.010554238 0.996860802
1305031104.111235 0.008216820 -0.017324831 0.134392142 -0.047150217 -0.057027426 -0.011688488 0.997190118
1305031104.143230 0.005237894 -0.023589997 0.117883496 -0.043056779 -0.049840476 -0.013385669 0.997738898
1305031104.175424 0.004661172 -0.025238892 0.104011469 -0.038513336 -0.046285003 -0.014064102 0.998086452
1305031104.211283 0.005446963 -0.031890098 0.090757556 -0.035583425 -0.043690380 -0.014001720 0.998313069
1305031104.243196 0.005732089 -0.032126036 0.077666655 -0.030042056 -0.041342255 -0.014296308 0.998591006
1305031104.275546 0.006276582 -0.033273704 0.064685211 -0.025334194 -0.038707525 -0.015037070 0.998816192
1305031104.311219 0.008111582 -0.034811683 0.053787611 -0.021631159 -0.035869788 -0.015207557 0.999006629
1305031104.343342 0.010065403 -0.034716941 0.043373890 -0.018134313 -0.032319050 -0.015722819 0.999189377
1305031104.375837 0.011827798 -0.035516936 0.032640699 -0.016354792 -0.028093718 -0.015102053 0.999357402
1305031104.411509 0.006988413 -0.035488389 0.022156030 -0.014598747 -0.022832880 -0.014955973 0.999520838
1305031104.443288 0.002086969 -0.036723141 0.010236357 -0.014315297 -0.020132886 -0.014215116 0.999593735
1305031104.475456 -0.002342295 -0.038464528 0.001096988 -0.015008604 -0.020538535 -0.013559775 0.999584436
1305031104.511329 -0.002652065 -0.040564273 -0.006808361 -0.013943270 -0.023323199 -0.012681015 0.999550343
1305031104.543368 -0.001630808 -0.042292256 -0.015952136 -0.010735690 -0.025344048 -0.011987230 0.999549270
1305031104.575343 0.007449238 -0.048995834 -0.024036786 -0.008045593 -0.027158860 -0.010735965 0.999541104
1305031104.611336 0.017603962 -0.058303822 -0.028591156 -0.000901360 -0.025473431 -0.008162536 0.999641776
1305031104.643243 0.018077374 -0.054692276 -0.042843755 0.012670312 -0.017319003 -0.008140127 0.999736607
1305031104.675525 0.023048673 -0.063548565 -0.053273749 0.021657834 -0.010348622 -0.007021733 0.999687195
1305031104.711277 0.021722849 -0.062215984 -0.063858971 0.035991192 -0.002454885 -0.005116619 0.999335945
1305031104.743280 0.025479736 -0.062213276 -0.074621834 0.049025986 0.003956343 -0.003059146 0.998784959
1305031104.775327 0.024273500 -0.060434397 -0.082382366 0.061322913 0.011580733 -0.001223972 0.998050034
1305031104.811465 0.028292911 -0.056148574 -0.087896645 0.072891951 0.017257504 0.001588360 0.997189283
1305031104.843258 0.026397329 -0.051622033 -0.094911940 0.081799105 0.024554253 0.003878073 0.996338785
1305031104.875350 0.022980660 -0.045380935 -0.101805858 0.088173971 0.028000435 0.006636858 0.995689332
1305031104.911534 0.024342885 -0.041981578 -0.103576042 0.090788014 0.028644159 0.008851979 0.995418847
1305031104.943262 0.024024466 -0.039617509 -0.102499649 0.091985255 0.029510416 0.009775409 0.995275021
1305031104.975202 0.023978161 -0.032728203 -0.099841438 0.091920756 0.028405076 0.010529002 0.995305419
1305031105.011290 0.025606584 -0.027701182 -0.092784330 0.087987266 0.027401766 0.011475950 0.995678484
1305031105.043373 0.023803987 -0.023542915 -0.085249856 0.083034284 0.027218318 0.010351045 0.996121168
1305031105.075320 0.023785101 -0.025409669 -0.075394496 0.075182274 0.026080893 0.008181332 0.996795118
1305031105.111299 0.019028440 -0.029572643 -0.065254875 0.068245530 0.026340265 0.005967204 0.997302949
1305031105.143106 0.013848083 -0.016966723 -0.052885741 0.064516664 0.024382384 0.003938894 0.997610927
1305031105.175159 0.013181176 -0.008195988 -0.035370786 0.052974105 0.020471796 0.001431815 0.998385012
1305031105.211268 0.005120240 -0.019420277 -0.023845114 0.038196970 0.018550154 -0.002636939 0.999094546
1305031105.243270 0.000152637 -0.014179617 -0.009811780 0.031075614 0.013730885 -0.004049617 0.999414504
1305031105.275288 -0.004379323 -0.011868677 0.001394565 0.020944288 0.008367201 -0.005345749 0.999731362
1305031105.311290 -0.010097358 -0.013609179 0.014577541 0.010290855 0.001943428 -0.006759982 0.999922335
1305031105.343302 -0.012549537 -0.015121079 0.030541388 0.002065565 -0.004348764 -0.007237913 0.999962211
1305031105.375338 -0.013597409 -0.017746655 0.045117594 -0.002542449 -0.009410746 -0.007297487 0.999925852
1305031105.411286 -0.013722344 -0.007873027 0.057880588 -0.005433657 -0.014561701 -0.007641958 0.999850035
1305031105.443316 -0.013270696 -0.013989683 0.073419690 -0.014284160 -0.019231318 -0.008416513 0.999677598
1305031105.475280 -0.015828216 -0.011895102 0.085101403 -0.017263809 -0.021908006 -0.008485975 0.999574900
1305031105.511332 -0.013422689 -0.009649901 0.099224463 -0.021707693 -0.025704188 -0.008303531 0.999399364
1305031105.543282 -0.012950895 -0.011487992 0.114911117 -0.026393965 -0.026774619 -0.007149148 0.999267399
1305031105.575449 -0.016023399 -0.009440670 0.127557248 -0.029116336 -0.027180919 -0.007251948 0.999180079
1305031105.611378 -0.013339631 -0.012367922 0.142882332 -0.033049088 -0.029149162 -0.006216181 0.999009252
1305031105.643273 -0.013579904 -0.009831748 0.158065945 -0.033179749 -0.029603941 -0.002901257 0.999006629
1305031105.711309 -0.006973319 -0.010005334 0.187435761 -0.035178319 -0.030296205 -0.002118896 0.998919487
1305031105.743312 -0.007967085 -0.002613708 0.199734896 -0.031790014 -0.025940320 -0.002342903 0.999155104
1305031105.775339 -0.003411891 -0.005257836 0.215199292 -0.034033168 -0.022895239 -0.001756725 0.999156892
1305031105.811283 -0.005064772 -0.002257007 0.229465842 -0.031975381 -0.017264413 -0.000978092 0.999339044
1305031105.843271 -0.002859671 0.001967121 0.243613377 -0.029513761 -0.014206271 -0.000500608 0.999463260
1305031105.875337 -0.001123945 0.008392447 0.256181836 -0.028307674 -0.009890640 0.001995523 0.999548316
1305031105.911262 -0.000892163 0.012724733 0.270994663 -0.030560581 -0.005897896 0.006539703 0.999494135
1305031105.943272 -0.000431380 0.017594436 0.283270299 -0.032797284 -0.002803739 0.008809716 0.999419272
1305031105.975329 -0.001007789 0.023098540 0.295597166 -0.036376853 -0.000543392 0.010493890 0.999282897
1305031106.011285 -0.000255057 0.027735302 0.308333129 -0.040081274 0.001482422 0.012025855 0.999122977
1305031106.043355 -0.000571196 0.029744294 0.320205241 -0.045501351 0.003379913 0.013260907 0.998870552
1305031106.075330 -0.001731621 0.035171833 0.331905484 -0.048524689 0.004344637 0.015043426 0.998699248
1305031106.111327 -0.005852527 0.043936223 0.341608405 -0.051179398 0.005755084 0.016069308 0.998543620
1305031106.143355 -0.008481617 0.044983294 0.352968156 -0.058679890 0.005128108 0.017725909 0.998106301
1305031106.175534 -0.009081454 0.046423413 0.362771273 -0.063158236 0.003274053 0.018636018 0.997824132
1305031106.211275 -0.009965503 0.045513831 0.372686088 -0.067272902 0.001865771 0.019486045 0.997542560
1305031106.243267 -0.012403320 0.050201632 0.380324990 -0.066175662 0.001292898 0.022824379 0.997546017
1305031106.276385 -0.012675294 0.056103908 0.386632383 -0.066421717 -0.000791028 0.023983853 0.997503042
1305031106.311238 -0.012541117 0.059656568 0.391706973 -0.069820337 -0.002336922 0.027416410 0.997180045
1305031106.343258 -0.012300018 0.067445345 0.394645005 -0.072943375 -0.004143545 0.027645444 0.996944249
1305031106.375388 -0.007990339 0.067764960 0.397188246 -0.082258023 -0.005900424 0.020517200 0.996382356
1305031106.411320 -0.005954845 0.060270652 0.399441868 -0.091241941 -0.001403783 0.015070211 0.995713711
1305031106.443278 -0.012438471 0.055576935 0.398069531 -0.093319744 0.005419840 0.010214125 0.995569050
1305031106.475345 -0.016250299 0.053870887 0.394007981 -0.092845023 0.005954198 0.008748132 0.995624363
1305031106.511129 -0.017973077 0.049441837 0.388441086 -0.091679968 0.003121342 0.008314974 0.995748937
1305031106.543302 -0.014751948 0.047201909 0.379197091 -0.088231303 -0.002561565 0.007966580 0.996064842
1305031106.575282 -0.015038017 0.045088813 0.368889183 -0.084904060 -0.004123269 0.006665376 0.996358335
1305031106.611151 -0.016188677 0.043997943 0.357269198 -0.084281005 -0.007113364 0.003634466 0.996410012
1305031106.643207 -0.015035663 0.036356337 0.346724004 -0.085779555 -0.010418057 0.001518637 0.996258557
1305031106.675279 -0.019854125 0.036955088 0.332489163 -0.082009763 -0.011456869 0.001340881 0.996564746
1305031106.711508 -0.021058356 0.032012355 0.320308566 -0.084301844 -0.017094420 0.000296640 0.996293604
1305031106.743341 -0.021232124 0.029522385 0.305325747 -0.082214586 -0.023534946 0.000762418 0.996336460
1305031106.775390 -0.018537564 0.024091434 0.289775550 -0.082612693 -0.030423515 0.001051324 0.996116698
1305031106.811289 -0.017121676 0.022465602 0.275000930 -0.082812928 -0.034500405 0.000857725 0.995967388
1305031106.843416 -0.015291473 0.010958873 0.261524051 -0.086182535 -0.039444871 -0.000521976 0.995498061
1305031106.875905 -0.013377920 0.006469686 0.244024619 -0.080611266 -0.042052269 -0.004080095 0.995849788
1305031106.911243 -0.014290452 0.008250371 0.224484935 -0.075292200 -0.040601216 -0.008626711 0.996297240
1305031106.943439 -0.013507166 0.002008347 0.209380031 -0.073989391 -0.039835021 -0.012976775 0.996378660
1305031106.975547 -0.012010252 -0.005474232 0.192812026 -0.068712048 -0.038025979 -0.016030649 0.996782660
1305031107.011576 -0.013776982 -0.001718925 0.171410888 -0.060491011 -0.034375019 -0.019966409 0.997376859
1305031107.043281 -0.012586399 -0.009265412 0.156881124 -0.061859984 -0.032585446 -0.022144938 0.997306943
1305031107.075432 -0.016939422 -0.016812652 0.140281439 -0.058304895 -0.030254330 -0.023363411 0.997566760
1305031107.111229 -0.015295037 -0.015340674 0.124076374 -0.052354347 -0.031440515 -0.023495883 0.997856975
1305031107.143260 -0.012527982 -0.015261956 0.108623378 -0.050122090 -0.031019716 -0.023470286 0.997985303
1305031107.175399 -0.010674419 -0.023104008 0.097010933 -0.049333241 -0.029958835 -0.024518665 0.998031855
1305031107.211358 -0.008672397 -0.028780632 0.083552897 -0.043656770 -0.027992481 -0.026268819 0.998308837
1305031107.243378 -0.007651587 -0.029856943 0.068897873 -0.037427872 -0.024707898 -0.026240235 0.998649180
1305031107.275398 -0.004215376 -0.033895094 0.057574108 -0.032404061 -0.022200953 -0.026245218 0.998883545
1305031107.311226 -0.003114235 -0.038916402 0.046541132 -0.025600875 -0.018652761 -0.027003197 0.999133408
1305031107.343509 0.001661293 -0.045444369 0.034534201 -0.015803818 -0.015681999 -0.027268497 0.999380171
1305031107.375413 0.003966878 -0.039462015 0.024667457 -0.005150201 -0.011202431 -0.026544753 0.999571621
1305031107.411271 0.005605425 -0.041536689 0.015134799 0.001041511 -0.006266212 -0.027796065 0.999593437
1305031107.443419 0.007451036 -0.038266972 0.008487979 0.007287804 -0.001927323 -0.027421428 0.999595582
1305031107.475377 0.010919748 -0.039413240 0.003847908 0.010093098 0.002082322 -0.026432339 0.999597490
1305031107.511352 0.011692140 -0.033815976 0.001399642 0.012787145 0.005862121 -0.025879266 0.999566138
1305031107.543605 0.015771972 -0.032302681 0.001800234 0.010945966 0.007853271 -0.023833476 0.999625146
1305031107.575454 0.020005647 -0.041204855 0.004675415 0.007925388 0.008875121 -0.020694632 0.999715030
1305031107.611271 0.020736737 -0.032851066 0.005684458 0.010243695 0.010537757 -0.019232646 0.999707043
1305031107.643323 0.023491383 -0.033102684 0.006870426 0.006602704 0.011310634 -0.017866597 0.999754548
1305031107.675568 0.022108812 -0.032577094 0.008995218 0.005464022 0.012377656 -0.017399771 0.999757051
1305031107.711307 0.020787800 -0.027512291 0.010721586 0.005162186 0.012487865 -0.016373582 0.999774635
1305031107.743538 0.018467156 -0.022659911 0.012486422 0.002699299 0.011554033 -0.015725611 0.999805927
1305031107.775802 0.017642664 -0.024115639 0.015355956 -0.000473058 0.009081114 -0.017386328 0.999807477
1305031107.811596 0.019895343 -0.022184942 0.017885126 -0.002554595 0.006641398 -0.017183624 0.999827027
1305031107.843332 0.020805053 -0.021733155 0.018412896 -0.005216176 0.006360794 -0.018149417 0.999801457
1305031107.875358 0.026182972 -0.025657784 0.021512089 -0.006902409 0.006437764 -0.021667480 0.999720693
1305031107.911541 0.029952371 -0.025124663 0.023551024 -0.005780960 0.009232894 -0.023816343 0.999657035
1305031107.943122 0.036628544 -0.025879754 0.026279004 -0.003942533 0.011834877 -0.024257831 0.999627888
1305031107.975807 0.043427534 -0.026897477 0.028560733 -0.001689462 0.015752349 -0.023383509 0.999601007
1305031108.011320 0.051652066 -0.024838911 0.032447714 0.002729851 0.020267123 -0.025726926 0.999459803
1305031108.043418 0.067105107 -0.022343412 0.034227066 0.005439096 0.025112664 -0.023209358 0.999400377
1305031108.075352 0.076342255 -0.026328571 0.036850289 0.005614698 0.034146134 -0.018111015 0.999236941
1305031108.111378 0.084899060 -0.027860366 0.039894391 0.008103217 0.040012859 -0.017290603 0.999016702
1305031108.143334 0.097630486 -0.022440050 0.044683017 0.011446814 0.042910285 -0.016689986 0.998873889
1305031108.176058 0.108156368 -0.015489805 0.049322426 0.011420883 0.046440698 -0.013387977 0.998766065
1305031108.211475 0.120974950 -0.018705729 0.051427230 0.005517431 0.046910670 -0.014549410 0.998777866
1305031108.243347 0.139382318 -0.025987621 0.054894581 0.003069088 0.048152979 -0.015729096 0.998711407
1305031108.275358 0.148408860 -0.018099397 0.058963552 0.005365153 0.053063549 -0.015390845 0.998458087
1305031108.311332 0.154760838 -0.013019229 0.064364061 0.002753466 0.055236612 -0.013730722 0.998375058
1305031108.343278 0.163743287 -0.011102071 0.066866875 -0.002709979 0.053856574 -0.011878441 0.998474360
1305031108.375410 0.174948126 -0.005960928 0.069913879 -0.006390999 0.050340950 -0.006417009 0.998691022
1305031108.411361 0.186302841 -0.008296840 0.073093876 -0.012349281 0.046795581 -0.000565340 0.998827994
1305031108.443610 0.201080725 -0.006456488 0.075978778 -0.016411209 0.044405043 0.006044280 0.998860538
1305031108.475471 0.214833900 -0.009818364 0.079632357 -0.020325901 0.043284945 0.013026953 0.998771012
1305031108.511378 0.233874738 -0.014815129 0.081377544 -0.021153945 0.044546247 0.017451437 0.998630822
1305031108.543737 0.251379550 -0.018689062 0.082966052 -0.017958209 0.049917970 0.016152540 0.998461246
1305031108.575414 0.260307968 -0.008194610 0.081671312 -0.011419979 0.054942552 0.014207756 0.998323143
1305031108.611407 0.275684088 -0.006923670 0.087012254 -0.011657572 0.060033374 0.015328001 0.998010635
1305031108.643303 0.285461664 -0.003610555 0.086099759 -0.010772213 0.065513581 0.016713969 0.997653544
1305031108.675375 0.297293663 -0.000471908 0.085392237 -0.013515753 0.070835136 0.018604558 0.997222960
1305031108.711411 0.316345483 0.000088001 0.086212210 -0.016957214 0.075147197 0.025800750 0.996694386
1305031108.743502 0.322722405 -0.002097555 0.088665918 -0.019047899 0.080717675 0.027023861 0.996188521
1305031108.775493 0.333620429 0.000789872 0.087552324 -0.019320458 0.082992010 0.030139713 0.995906949
1305031108.811244 0.335866123 -0.000784636 0.088411689 -0.021247381 0.087090477 0.034553707 0.995374262
1305031108.843264 0.336039096 -0.002808941 0.089943863 -0.020750692 0.088083014 0.039514799 0.995112717
1305031108.876515 0.336682737 -0.001941061 0.089129746 -0.018502526 0.085482694 0.045369435 0.995134115
1305031108.911364 0.335421443 -0.009046161 0.089006558 -0.017562257 0.082909293 0.050628580 0.995115221
1305031108.943243 0.328635991 -0.011193275 0.085067570 -0.013221392 0.080944926 0.050502744 0.995350480
1305031108.975268 0.326404750 -0.005274669 0.078803524 -0.008207287 0.074682452 0.049252752 0.995956481
1305031109.011269 0.328161418 -0.003737821 0.078536771 -0.007871488 0.069582269 0.047966953 0.996391237
1305031109.043277 0.319534481 -0.006243305 0.075816914 -0.007639389 0.069754608 0.045828167 0.996481657
1305031109.075410 0.309401095 0.000827321 0.072085515 -0.007344970 0.067904070 0.040463265 0.996843934
1305031109.111282 0.300347269 -0.003125897 0.071684852 -0.012488668 0.066893332 0.036908392 0.996999025
1305031109.143334 0.282613635 -0.007365038 0.070114762 -0.014235049 0.066618629 0.033943634 0.997099340
1305031109.175464 0.272603571 0.002122202 0.068719566 -0.011459443 0.059652876 0.031506322 0.997656047
1305031109.211379 0.263593286 0.016031319 0.071171634 -0.012296325 0.054151148 0.035089329 0.997840226
1305031109.243290 0.252214164 0.013102343 0.070222415 -0.021669080 0.051299330 0.040434137 0.997629166
1305031109.275308 0.232939631 -0.006075763 0.068920717 -0.029606711 0.049786694 0.042780794 0.997403920
1305031109.311329 0.207691580 -0.001450469 0.071045160 -0.025913553 0.045277487 0.042168885 0.997747600
1305031109.343248 0.197809234 0.007428929 0.068217374 -0.025873769 0.034293678 0.042512927 0.998171926
1305031109.375397 0.186370313 0.002897511 0.067556992 -0.030025309 0.025842899 0.041905738 0.998335898
1305031109.411329 0.173681051 0.004783260 0.065154247 -0.030282225 0.018784983 0.038402360 0.998626769
1305031109.443302 0.163067460 0.010128803 0.062441465 -0.031966496 0.012640595 0.032312769 0.998886526
1305031109.475363 0.150743857 0.004996627 0.062633932 -0.036405649 0.010544416 0.029110264 0.998857379
1305031109.511273 0.137718275 0.000235035 0.059958454 -0.037463471 0.008362205 0.025021721 0.998949647
1305031109.543294 0.122613207 0.001466857 0.058133181 -0.034324735 0.007878561 0.021994779 0.999137640
1305031109.575362 0.107415572 0.004125581 0.053790160 -0.033317823 0.008379824 0.022315992 0.999160469
1305031109.611310 0.093174078 0.005904844 0.054541830 -0.033265904 0.007164854 0.020333553 0.999213994
1305031109.643229 0.083360344 0.007067554 0.051679458 -0.033701953 0.005318967 0.019653630 0.999224484
1305031109.675263 0.067989931 0.008995240 0.049291968 -0.035510287 0.005322015 0.021074476 0.999132931
1305031109.711312 0.052797660 0.011376096 0.049255978 -0.037765924 0.002882611 0.020053871 0.999081194
1305031109.743274 0.037500486 0.010627260 0.048164476 -0.042710435 0.000749737 0.019076999 0.998905063
1305031109.775277 0.030496914 0.009525634 0.050367247 -0.046188395 -0.002594330 0.019675910 0.998735607
1305031109.811371 0.016487911 0.015405165 0.050615113 -0.046584494 -0.003070540 0.019559391 0.998718143
1305031109.843296 0.003316974 0.017009582 0.050865803 -0.049610484 -0.005662605 0.018489586 0.998581409
1305031109.875306 -0.014948440 0.016818695 0.052297097 -0.053466171 -0.007224123 0.016627645 0.998405099
1305031109.911265 -0.028237728 0.013430148 0.055060446 -0.055641815 -0.013296078 0.011139066 0.998300076
1305031109.943299 -0.039118916 0.022025719 0.059321988 -0.055386823 -0.016906841 0.007775317 0.998291552
1305031109.975258 -0.054807492 0.019044448 0.059965845 -0.060603503 -0.018271366 0.003052698 0.997990012
1305031110.011256 -0.068687759 0.020848762 0.064729050 -0.062422898 -0.020192659 -0.004417553 0.997835696
1305031110.043299 -0.081192359 0.020990605 0.067768820 -0.064979151 -0.021198014 -0.011579118 0.997594237
1305031110.075319 -0.095854878 0.025548499 0.070153959 -0.065621480 -0.020923950 -0.016748497 0.997484565
1305031110.111325 -0.108900592 0.021478040 0.071732245 -0.072108127 -0.022706017 -0.020796040 0.996921420
1305031110.143432 -0.122519031 0.017288323 0.076058455 -0.074568138 -0.025671134 -0.025042415 0.996570826
1305031110.175641 -0.132888138 0.023733469 0.075626835 -0.074680395 -0.029394776 -0.025330622 0.996452272
1305031110.211637 -0.146965370 0.020295093 0.077412516 -0.079445340 -0.031351399 -0.027960893 0.995953679
1305031110.243323 -0.157458141 0.019158062 0.078554422 -0.079931580 -0.035559885 -0.027523737 0.995785594
1305031110.279321 -0.166636422 0.019615598 0.079995155 -0.077966951 -0.039495133 -0.028642511 0.995761454
1305031110.311404 -0.177933887 0.020476913 0.078009315 -0.075214341 -0.042664845 -0.030622108 0.995783508
1305031110.343355 -0.190350667 0.022048546 0.077872701 -0.074366488 -0.046888247 -0.031162595 0.995640516
1305031110.379281 -0.201130792 0.023474343 0.077172741 -0.073008902 -0.052632608 -0.034328181 0.995349765
1305031110.411469 -0.213199466 0.026258290 0.073644131 -0.072765462 -0.058379877 -0.036508996 0.994969368
1305031110.443260 -0.226050168 0.029129343 0.072469160 -0.076313026 -0.063479535 -0.040764160 0.994225800
1305031110.479331 -0.238150701 0.026093483 0.075351149 -0.080228709 -0.070395000 -0.046051733 0.993220627
1305031110.511429 -0.248684734 0.027569473 0.075119957 -0.080213793 -0.078022055 -0.049180347 0.992501676
1305031110.543408 -0.260688275 0.031658903 0.072154112 -0.081046611 -0.083499379 -0.053000677 0.991791427
1305031110.579426 -0.270852238 0.036631811 0.071731687 -0.084183626 -0.088990428 -0.058560759 0.990739346
1305031110.611307 -0.278889358 0.035030045 0.078920871 -0.088611372 -0.093424536 -0.062313132 0.989715576
1305031110.643418 -0.288538486 0.033730455 0.078939177 -0.087351047 -0.095027424 -0.065492466 0.989469707
1305031110.679606 -0.295923144 0.038058117 0.073675901 -0.086824454 -0.096885979 -0.068329908 0.989143908
1305031110.711412 -0.301854700 0.038221374 0.076649979 -0.090039574 -0.098960705 -0.069950178 0.988537610
1305031110.743249 -0.308304578 0.037380978 0.076439902 -0.090552509 -0.100121856 -0.071523488 0.988261223
1305031110.779193 -0.312214255 0.041061155 0.077332914 -0.089491345 -0.101628214 -0.072280735 0.988148987
1305031110.811386 -0.315821111 0.041653648 0.075939335 -0.090079397 -0.101660304 -0.074571759 0.987922072
1305031110.843218 -0.318842262 0.039789319 0.076455303 -0.092446521 -0.103661306 -0.075323485 0.987438262
1305031110.879313 -0.317344517 0.042092834 0.078757480 -0.091468036 -0.106174730 -0.075637385 0.987238348
1305031110.911333 -0.316523165 0.041250110 0.078320451 -0.092692383 -0.107465304 -0.076055057 0.986952364
1305031110.943862 -0.312629700 0.044272304 0.078963451 -0.091420919 -0.109807916 -0.077315606 0.986715138
1305031110.979345 -0.306239694 0.051083952 0.083153822 -0.089273639 -0.109315977 -0.078864351 0.986843765
1305031111.011431 -0.298340261 0.052580837 0.086419813 -0.089729242 -0.105303720 -0.079779573 0.987165153
1305031111.043327 -0.291270852 0.051371276 0.085836798 -0.089282453 -0.100052804 -0.075979479 0.988051236
1305031111.079283 -0.285530448 0.050769649 0.083578542 -0.091874585 -0.096761242 -0.073485360 0.988330007
1305031111.111508 -0.275973231 0.048275121 0.088305295 -0.093662605 -0.095405161 -0.070323758 0.988524020
1305031111.143257 -0.269066364 0.047770403 0.089173168 -0.091538563 -0.092083268 -0.069395162 0.989103436
1305031111.179326 -0.256737590 0.051781945 0.092822842 -0.087313958 -0.089022011 -0.070358939 0.989697397
1305031111.211433 -0.242509544 0.048287392 0.090690091 -0.087014325 -0.082160614 -0.066513076 0.990582705
1305031111.243236 -0.235392272 0.042864941 0.090962783 -0.088218674 -0.078710958 -0.064182915 0.990909994
1305031111.279308 -0.221012324 0.040097006 0.091798767 -0.084129825 -0.077778801 -0.063376263 0.991391003
1305031111.311547 -0.214212447 0.043908048 0.085714504 -0.079913862 -0.071447611 -0.059249658 0.992470920
1305031111.343397 -0.202097654 0.039312307 0.081886500 -0.085217379 -0.075589299 -0.058467124 0.991769075
1305031111.379134 -0.186935693 0.033103988 0.085200027 -0.085529767 -0.078491196 -0.055870175 0.991666436
1305031111.411296 -0.178613693 0.034918234 0.081581496 -0.080375478 -0.078484207 -0.054455269 0.992176712
1305031111.443386 -0.163064957 0.036834437 0.086901434 -0.079659596 -0.084700324 -0.060214546 0.991390169
1305031111.479259 -0.120408736 0.026326770 0.095298499 -0.080015965 -0.089835688 -0.056290392 0.991139948
1305031111.511264 -0.110984869 0.021538185 0.090919681 -0.077733666 -0.077650949 -0.055469319 0.992396593
1305031111.543250 -0.101618320 0.022571273 0.091602340 -0.072520353 -0.069552690 -0.055776097 0.993374169
1305031111.579237 -0.083199069 0.024750583 0.086338431 -0.068728127 -0.061563171 -0.047494158 0.994600773
1305031111.611271 -0.083276182 0.025689835 0.088057742 -0.069356032 -0.053520676 -0.040790912 0.995319724
1305031111.643395 -0.050848909 0.011977641 0.095423400 -0.069876350 -0.061478768 -0.031758741 0.995152771
1305031111.679320 -0.025331018 0.016795177 0.092539407 -0.063655861 -0.057855796 -0.023226082 0.996022701
1305031111.711760 -0.017694842 0.016476618 0.096144058 -0.063225947 -0.047989935 -0.023151547 0.996575892
1305031111.743386 0.012232617 0.018602299 0.103386089 -0.058509428 -0.042906519 -0.017900174 0.997203708
1305031111.779423 0.021695200 0.028285205 0.101023242 -0.050664611 -0.023370456 -0.016524630 0.998305500
1305031111.811406 0.031079346 0.010936468 0.094317786 -0.054636497 -0.007308182 -0.014589965 0.998372972
1305031111.843299 0.042657331 0.015825519 0.095246926 -0.049698036 0.002372817 -0.011849939 0.998691201
1305031111.879442 0.046127111 0.016594410 0.092948310 -0.049993303 0.011673701 -0.008461301 0.998645484
1305031111.911354 0.052180849 0.010569889 0.095072262 -0.051035739 0.012820387 -0.002589491 0.998611212
1305031111.943300 0.068881437 0.011757431 0.095845729 -0.048811089 0.007988554 0.006472244 0.998755097
1305031111.979449 0.088842712 0.014989128 0.097278267 -0.046387505 0.007429997 0.012420056 0.998818696
1305031112.011433 0.109816805 0.009946067 0.096138917 -0.045869488 0.012506851 0.012632599 0.998789251
1305031112.043270 0.127458036 0.009404226 0.094943427 -0.042579412 0.018889109 0.010998116 0.998853981
1305031112.079339 0.147461921 0.010207823 0.096441254 -0.040197190 0.027967528 0.011218234 0.998737335
1305031112.111423 0.145764828 0.010523146 0.094038472 -0.037277982 0.040415328 0.005258676 0.998473525
1305031112.144342 0.167594001 0.010999556 0.094336279 -0.036678985 0.042282574 -0.000537094 0.998432100
1305031112.179390 0.186988637 0.011665830 0.093700215 -0.038886730 0.052072089 -0.003462029 0.997879922
1305031112.211254 0.188613459 0.004812666 0.097670510 -0.039925471 0.065333903 -0.009946351 0.997014761
1305031112.243369 0.200417310 -0.003150880 0.098647051 -0.036766425 0.074428521 -0.014664690 0.996440470
1305031112.279353 0.206757605 -0.000136899 0.097327285 -0.029881118 0.081964247 -0.017359478 0.996035933
1305031112.311312 0.217596143 -0.005336981 0.099918619 -0.025289200 0.083851784 -0.019054873 0.995975018
1305031112.343323 0.229795143 -0.002660948 0.099766172 -0.017468644 0.083718896 -0.017150082 0.996188641
1305031112.379360 0.242683724 -0.000067484 0.101271182 -0.012275008 0.081409715 -0.011785816 0.996535420
1305031112.411442 0.257211030 0.000168066 0.097844414 -0.009734500 0.077570647 -0.007588804 0.996910453
1305031112.443391 0.270559192 -0.004527184 0.097295165 -0.009008374 0.075729638 -0.001523046 0.997086525
1305031112.479418 0.277046025 -0.001695033 0.097552866 -0.004760936 0.075466491 0.007840294 0.997106135
1305031112.511504 0.287846506 -0.003054531 0.096778587 -0.002846708 0.071218401 0.016449235 0.997321010
1305031112.543212 0.295958012 -0.004919596 0.096891999 -0.001227386 0.068487808 0.019748339 0.997455716
1305031112.579252 0.306633770 -0.002748079 0.096206695 0.001609679 0.064734221 0.025730334 0.997569442
1305031112.611261 0.327598393 0.004433755 0.092546314 0.003939728 0.060331173 0.032602277 0.997638106
1305031112.643246 0.337750673 0.004110700 0.093759313 0.000779441 0.065503314 0.039393127 0.997074187
1305031112.679952 0.339632839 0.004616040 0.096287847 -0.000977299 0.072504371 0.043184049 0.996432304
1305031112.711251 0.343372524 0.007125697 0.095752381 -0.002219233 0.076397270 0.044984061 0.996059716
1305031112.743245 0.348211139 0.018320208 0.094164304 -0.003497996 0.078452498 0.049391832 0.995687425
1305031112.779310 0.345378280 0.012836350 0.098377228 -0.012680843 0.083703727 0.051834222 0.995060861
1305031112.811310 0.324314415 0.005081954 0.104012430 -0.017610792 0.090123162 0.047152240 0.994657874
1305031112.843286 0.321150452 0.011857767 0.104148000 -0.018059602 0.084873296 0.044611320 0.995228708
1305031112.879421 0.320153117 0.011701440 0.105317913 -0.021893114 0.081388935 0.046786755 0.995342910
1305031112.911411 0.310791433 0.011781686 0.105435565 -0.024302246 0.079515837 0.049153388 0.995324373
1305031112.943321 0.301452786 0.009992968 0.107166007 -0.026715906 0.075739153 0.048123393 0.995607316
1305031112.979278 0.297622144 0.009523463 0.105477042 -0.027471216 0.069358572 0.045819160 0.996160269
1305031113.011353 0.293400139 0.014050945 0.101860255 -0.027653655 0.065281637 0.046215083 0.996412456
1305031113.043231 0.283011854 0.011894057 0.101243541 -0.032551218 0.064594604 0.043418303 0.996435046
1305031113.079251 0.270254254 0.001987296 0.103425086 -0.035761449 0.063315228 0.038315877 0.996616364
1305031113.111316 0.256338865 0.007491212 0.099563099 -0.031372491 0.059058808 0.033198886 0.997208953
1305031113.143306 0.250775486 0.013868083 0.095875166 -0.031928122 0.054494932 0.032486964 0.997474551
1305031113.179343 0.238208055 0.005617869 0.095030293 -0.036907483 0.053579777 0.034020331 0.997301221
1305031113.211259 0.222094536 0.004379776 0.090338893 -0.035341114 0.049372785 0.035653602 0.997518003
1305031113.243227 0.209625378 0.010606516 0.085985221 -0.035057824 0.041932136 0.035893939 0.997859836
1305031113.279312 0.197677657 0.001551134 0.089230664 -0.039686706 0.036565062 0.038216837 0.997811317
1305031113.311452 0.171758428 -0.012300127 0.085764483 -0.039405543 0.034181379 0.040302932 0.997824907
1305031113.343252 0.155456662 -0.000563229 0.086053438 -0.030361367 0.024766231 0.038961884 0.998472214
1305031113.379312 0.146998346 -0.000899322 0.085882597 -0.034141771 0.013278006 0.037809141 0.998613298
1305031113.411625 0.126605645 -0.008618142 0.084858783 -0.035143502 0.008464442 0.038412903 0.998607874
1305031113.443266 0.107645266 0.000612106 0.086774565 -0.030144785 0.002597286 0.032452010 0.999015212
1305031113.479311 0.089753099 0.001865428 0.086232163 -0.033018842 -0.003573085 0.026451664 0.999098241
1305031113.511523 0.071083523 0.001677305 0.087247461 -0.036680508 -0.008188377 0.023971794 0.999005914
1305031113.543242 0.055188030 -0.002350090 0.087143429 -0.039435282 -0.014235313 0.020654272 0.998907208
1305031113.579301 0.040714361 -0.000928186 0.086043440 -0.039117377 -0.018976033 0.015863312 0.998928487
1305031113.611268 0.025433844 -0.001119507 0.085482754 -0.041899182 -0.021501292 0.010836356 0.998831689
1305031113.643222 0.010571770 -0.001102384 0.084640324 -0.044641964 -0.021134041 0.007401271 0.998752058
1305031113.679288 -0.004129961 -0.001837657 0.085269324 -0.045778424 -0.020387584 0.003990546 0.998735547
1305031113.711931 -0.015686356 -0.003142751 0.085667215 -0.046225037 -0.020391520 -0.000801662 0.998722613
1305031113.743590 -0.028373215 -0.001784259 0.086007304 -0.045082130 -0.018184906 -0.006330520 0.998797715
1305031113.779320 -0.045344360 -0.004077101 0.086275488 -0.044724826 -0.014465972 -0.010636377 0.998837948
1305031113.811237 -0.056743890 -0.002002454 0.086371489 -0.043202322 -0.014193837 -0.012326103 0.998889446
1305031113.843295 -0.068584219 -0.001345821 0.087367207 -0.043872550 -0.012647922 -0.015619943 0.998834968
1305031113.879281 -0.087788284 -0.008333674 0.089634866 -0.044352215 -0.010610207 -0.020580968 0.998747587
1305031113.911290 -0.097449318 -0.002858888 0.089979082 -0.039886195 -0.012728470 -0.020349763 0.998915911
1305031113.943291 -0.111782230 -0.002678988 0.090423144 -0.037123837 -0.010019314 -0.023957223 0.998973250
1305031113.979293 -0.128073290 -0.001475923 0.091459081 -0.033377264 -0.007311736 -0.029120857 0.998991728
1305031114.011257 -0.146577224 0.000167132 0.089461133 -0.029979430 -0.004983007 -0.034315333 0.998948872
1305031114.043301 -0.163814709 0.000554556 0.090613075 -0.028711025 -0.007058441 -0.036104102 0.998910606
1305031114.079285 -0.179202691 -0.001701391 0.089640684 -0.027236842 -0.012015578 -0.036143798 0.998903096
1305031114.111263 -0.192002490 0.003912561 0.090573214 -0.023483034 -0.017573325 -0.039543476 0.998787284
1305031114.143284 -0.201042295 0.002831461 0.093669549 -0.024064006 -0.024139710 -0.041967642 0.998537362
1305031114.179337 -0.211570114 0.001728033 0.096392073 -0.021370688 -0.026823455 -0.044872418 0.998403847
1305031114.211303 -0.224141657 0.010240437 0.095047921 -0.017769627 -0.027128091 -0.047360566 0.998351276
1305031114.243337 -0.243220180 0.006861617 0.094277591 -0.021271164 -0.027798355 -0.051520981 0.998058259
1305031114.279390 -0.258138418 0.007474150 0.094809316 -0.021002105 -0.033707157 -0.053128257 0.997797668
1305031114.311429 -0.269958466 0.012139412 0.097331151 -0.020949237 -0.042009201 -0.053382438 0.997470140
1305031114.343331 -0.277863592 0.014266266 0.102657735 -0.021075128 -0.048388593 -0.056925256 0.996982396
1305031114.379320 -0.288505375 0.014510914 0.104555331 -0.020797253 -0.049985111 -0.061749004 0.996622324
1305031114.411397 -0.299887866 0.014492458 0.104950368 -0.019945508 -0.051793646 -0.065471873 0.996309698
1305031114.443345 -0.312573493 0.014732432 0.104640111 -0.020411937 -0.055721063 -0.066699244 0.996006846
1305031114.479332 -0.323533684 0.011762863 0.105494104 -0.021705214 -0.062856123 -0.067288339 0.995515108
1305031114.511266 -0.331502378 0.014929122 0.105056897 -0.021669269 -0.070492990 -0.070036948 0.994814575
1305031114.543236 -0.335242450 0.013600094 0.109766051 -0.024906959 -0.075492576 -0.069258280 0.994426370
1305031114.579237 -0.342310458 0.015127552 0.113932922 -0.025497027 -0.075371578 -0.066064641 0.994637847
1305031114.611391 -0.347445428 0.016204916 0.112071730 -0.027723359 -0.076065838 -0.064157061 0.994650304
1305031114.644136 -0.354022682 0.011863534 0.109192424 -0.033866175 -0.078298248 -0.063172333 0.994349897
1305031114.679251 -0.359587938 0.008827184 0.111450180 -0.037371136 -0.084395990 -0.063285187 0.993718147
1305031114.711306 -0.360015869 0.009894938 0.115086377 -0.037246116 -0.089331672 -0.062705629 0.993328035
1305031114.743200 -0.360987037 0.008657504 0.115979344 -0.036529388 -0.092701286 -0.065694615 0.992852628
1305031114.779289 -0.359670967 0.011343295 0.115502372 -0.033320293 -0.094536118 -0.069599830 0.992526352
1305031114.811303 -0.360005558 0.014950122 0.113619290 -0.032572702 -0.093919389 -0.071120098 0.992501915
1305031114.843208 -0.358014762 0.013694489 0.113360122 -0.032983642 -0.094769716 -0.073307790 0.992248297
1305031114.879281 -0.353198647 0.017981917 0.114181057 -0.032281782 -0.095806032 -0.073011518 0.992193758
1305031114.912879 -0.350937605 0.018972252 0.112210304 -0.033355396 -0.095652118 -0.073586248 0.992130637
1305031114.943234 -0.342754453 0.024566816 0.115200207 -0.034159865 -0.096237957 -0.075784422 0.991881073
1305031114.979280 -0.336875767 0.025854643 0.115504846 -0.036351986 -0.093925215 -0.076233171 0.991990507
1305031115.011300 -0.329223722 0.032488305 0.114423454 -0.038387023 -0.092879117 -0.078134999 0.991864324
1305031115.043508 -0.317967474 0.033398852 0.122502841 -0.041416466 -0.091643788 -0.078731976 0.991810143
1305031115.079238 -0.307623774 0.034100525 0.122306496 -0.043107353 -0.088692851 -0.078623898 0.992014945
1305031115.111230 -0.292398930 0.039970879 0.129446909 -0.043890327 -0.086015932 -0.077689067 0.992289901
1305031115.143275 -0.281167746 0.034690693 0.132227093 -0.046913780 -0.077015713 -0.074764118 0.993115306
1305031115.179440 -0.268617123 0.030662674 0.129480094 -0.050226387 -0.074506097 -0.072742835 0.993294835
1305031115.211374 -0.248552188 0.024387429 0.133792326 -0.052170295 -0.075285003 -0.069206350 0.993388593
1305031115.243297 -0.234695703 0.020101927 0.136596978 -0.048783988 -0.070125885 -0.065140404 0.994212866
1305031115.279966 -0.220575184 0.025135219 0.135083556 -0.046141900 -0.067709297 -0.062168136 0.994696677
1305031115.311704 -0.190755203 0.015966456 0.147771269 -0.048967000 -0.069604084 -0.055287950 0.994837046
1305031115.343235 -0.180080801 0.022349510 0.148033053 -0.043079019 -0.058599200 -0.052304100 0.995979249
1305031115.379166 -0.174184993 0.030263929 0.142064616 -0.045355394 -0.052333366 -0.046907727 0.996495783
1305031115.411237 -0.157670438 0.024530325 0.149239436 -0.053463649 -0.059849147 -0.043546215 0.995823026
1305031115.443159 -0.130919397 0.023277288 0.153244406 -0.057272825 -0.065609984 -0.036993261 0.995513320
1305031115.479241 -0.111444488 0.023643238 0.155598581 -0.061564397 -0.066701144 -0.030132761 0.995415926
1305031115.511253 -0.080167860 0.017480146 0.161638826 -0.066171527 -0.070437647 -0.025708573 0.994986951
1305031115.543604 -0.044606496 0.022869186 0.173642963 -0.063944869 -0.065226577 -0.016463064 0.995683432
1305031115.579315 -0.029049167 0.018881146 0.169912487 -0.064941905 -0.053054836 -0.009124272 0.996435881
1305031115.611424 -0.015207669 0.020247476 0.171161219 -0.063394450 -0.045633394 -0.003393312 0.996938944
1305031115.643254 0.000831059 0.017424237 0.173041984 -0.062768318 -0.038860768 0.004446907 0.997261345
1305031115.679241 0.010120060 0.018384976 0.171882868 -0.060826126 -0.033621911 0.015087954 0.997467816
1305031115.711320 0.032623872 0.021464171 0.171395555 -0.059465602 -0.035925757 0.024170386 0.997290790
1305031115.743250 0.060864143 0.019558135 0.174508780 -0.060137250 -0.033229906 0.030709410 0.997164071
1305031115.779425 0.065057963 0.015391720 0.162034392 -0.058305722 -0.018183429 0.034278251 0.997544408
1305031115.811277 0.084483795 0.017696360 0.162056133 -0.057976123 -0.010983445 0.042137776 0.997367799
1305031115.843224 0.098495774 0.019119585 0.163850367 -0.059475992 -0.000682708 0.049495824 0.997001648
1305031115.879198 0.101686597 0.018253904 0.164664403 -0.057756726 0.009429559 0.056423772 0.996690333
1305031115.911118 0.119154528 0.022590566 0.164212137 -0.054540824 0.011262015 0.061930988 0.996525466
1305031115.943311 0.137366667 0.023171619 0.165906921 -0.055856679 0.016219888 0.068569757 0.995949328
1305031115.980740 0.151760831 0.025529446 0.167269990 -0.057078008 0.021097098 0.074883148 0.995333850
1305031116.011379 0.177502081 0.026321638 0.166455984 -0.060008802 0.025024390 0.078165509 0.994818032
1305031116.043164 0.187105864 0.027325839 0.168702707 -0.062923737 0.038880859 0.079992838 0.994047284
1305031116.080030 0.195297271 0.038309015 0.176117018 -0.063821197 0.050133705 0.083154604 0.993226469
1305031116.111300 0.209738627 0.036994688 0.177095875 -0.071161799 0.058276959 0.086163163 0.992026031
1305031116.143441 0.217169210 0.031700525 0.181199998 -0.078093939 0.068400487 0.089513652 0.990560472
1305031116.179572 0.225694060 0.034189537 0.183441132 -0.079666942 0.074004926 0.091236778 0.989874899
1305031116.211299 0.238963634 0.031751856 0.184154004 -0.085587777 0.078258641 0.095377304 0.988662481
1305031116.243320 0.251387209 0.030330483 0.185038075 -0.087600641 0.083101958 0.097660713 0.987867713
1305031116.279385 0.261323273 0.032356005 0.181804419 -0.087596200 0.092137642 0.100575320 0.986773610
1305031116.311336 0.269799232 0.035529643 0.180290967 -0.088980757 0.100237325 0.104834139 0.985415995
1305031116.343292 0.271993995 0.025066476 0.185843825 -0.094284140 0.108878829 0.107968360 0.983665943
1305031116.379384 0.275426924 0.021038502 0.185427159 -0.090442121 0.112690687 0.107460462 0.983653009
1305031116.411333 0.276555926 0.031480104 0.180283964 -0.081982270 0.114786290 0.112017147 0.983643830
1305031116.443369 0.284085810 0.033072181 0.174715042 -0.084023118 0.113544203 0.122638270 0.982348025
1305031116.479850 0.281294286 0.024740417 0.175805330 -0.087750629 0.116681226 0.124839060 0.981376827
1305031116.511205 0.275195211 0.025962643 0.174422443 -0.084400333 0.117019765 0.121179841 0.982088804
1305031116.543262 0.265603215 0.028474320 0.173184946 -0.080562197 0.118864439 0.115935452 0.982822478
1305031116.579313 0.253493398 0.033066072 0.169454202 -0.078434937 0.118127890 0.113419406 0.983376741
1305031116.611261 0.238187641 0.028607093 0.169967130 -0.079140328 0.114958584 0.106648035 0.984452903
1305031116.643355 0.229386598 0.025600333 0.166391999 -0.079321548 0.105441332 0.097279325 0.986471951
1305031116.679281 0.213628843 0.027045593 0.163879812 -0.078308761 0.100027755 0.088339292 0.987956643
1305031116.711634 0.201270461 0.028156767 0.162023589 -0.077036463 0.095123738 0.079350397 0.989302993
1305031116.743291 0.182399258 0.034986150 0.159625337 -0.075169012 0.092027694 0.068233550 0.990567863
1305031116.779298 0.167115048 0.032316804 0.157031357 -0.078636006 0.088169664 0.058515802 0.991271079
1305031116.811318 0.149194837 0.028336350 0.155387059 -0.079658762 0.085759066 0.051496480 0.991790295
1305031116.846089 0.125402421 0.033578496 0.158876568 -0.074948803 0.079006523 0.042240255 0.993154764
1305031116.880165 0.111516237 0.035737377 0.156162083 -0.075498536 0.067763746 0.036742479 0.994161963
1305031116.912044 0.080351718 0.034391206 0.154196620 -0.075404726 0.062553450 0.030905860 0.994709015
1305031116.943296 0.067871034 0.039496854 0.151643321 -0.074223459 0.046716742 0.024097886 0.995855272
1305031116.979351 0.056789547 0.033225629 0.148810714 -0.076760761 0.032717109 0.014238946 0.996410847
1305031117.011382 0.035725772 0.042127162 0.149181604 -0.071691692 0.022670798 0.005000696 0.997156620
1305031117.043261 0.020361805 0.043285176 0.143980205 -0.072531566 0.012484347 0.000647621 0.997287750
1305031117.079520 0.000216867 0.043968961 0.140413210 -0.074727647 0.005635108 -0.005754213 0.997171462
1305031117.111238 -0.018704038 0.045635477 0.136100933 -0.076594561 -0.002840960 -0.008401743 0.997022867
1305031117.143218 -0.020872952 0.051169775 0.136752531 -0.077777609 -0.016853485 -0.008131693 0.996795058
1305031117.179264 -0.028200746 0.053517871 0.139546171 -0.080525912 -0.026746275 -0.011729943 0.996324539
1305031117.211361 -0.032302156 0.056170955 0.142183095 -0.081755005 -0.034629870 -0.014761717 0.995941222
1305031117.243277 -0.031906016 0.057964936 0.141706198 -0.085345156 -0.038763862 -0.016400931 0.995462000
1305031117.279299 -0.032804824 0.055624723 0.144554645 -0.090642661 -0.038816724 -0.021665435 0.994890869
1305031117.311200 -0.037320338 0.051927052 0.145634428 -0.095214315 -0.036358625 -0.022580599 0.994536281
1305031117.343243 -0.041178256 0.046918910 0.145972967 -0.097875290 -0.035832122 -0.023898480 0.994266212
1305031117.379454 -0.041704360 0.044226412 0.146656379 -0.097023211 -0.036134768 -0.024269596 0.994329810
1305031117.411221 -0.043691270 0.037884098 0.146540910 -0.096779540 -0.037373163 -0.023356464 0.994329631
1305031117.443274 -0.043168444 0.032748375 0.145893231 -0.094755083 -0.039351258 -0.021979397 0.994479716
1305031117.479403 -0.043352198 0.027618663 0.145628780 -0.093036503 -0.040398724 -0.020749858 0.994626343
1305031117.511325 -0.046031740 0.018953059 0.145513967 -0.090651736 -0.040846977 -0.018873142 0.994865596
1305031117.544285 -0.046564531 0.014758124 0.145537660 -0.085587323 -0.041639041 -0.018751213 0.995283544
1305031117.579155 -0.049015675 0.009685040 0.146001294 -0.082410231 -0.042628851 -0.020349042 0.995478392
1305031117.611159 -0.049114492 0.002674257 0.148011968 -0.081656486 -0.044537142 -0.019921763 0.995465577
1305031117.643252 -0.048976239 -0.006612135 0.151518270 -0.080924496 -0.047166128 -0.018017983 0.995440602
1305031117.679262 -0.051106103 -0.011735983 0.153356954 -0.080150604 -0.049321208 -0.018091718 0.995397389
1305031117.711184 -0.051395375 -0.020323994 0.157374635 -0.080697931 -0.051766805 -0.015951753 0.995265603
1305031117.743184 -0.053697996 -0.030047225 0.161338404 -0.080996476 -0.053085323 -0.013306969 0.995210767
1305031117.779467 -0.051530961 -0.036901508 0.164234072 -0.080692917 -0.056382824 -0.010076182 0.995092034
1305031117.811320 -0.049722295 -0.051296145 0.169288054 -0.083569638 -0.059149764 -0.008218990 0.994710922
1305031117.843291 -0.044311963 -0.064061597 0.174550444 -0.082959972 -0.060926005 -0.006972222 0.994664311
1305031117.879451 -0.044411570 -0.069663636 0.178245634 -0.080369517 -0.057868596 -0.007546284 0.995055258
1305031117.911407 -0.046787098 -0.079746529 0.184806809 -0.079704702 -0.055597410 -0.007729920 0.995236814
1305031117.943253 -0.047979072 -0.086840689 0.187932923 -0.078155681 -0.053105596 -0.008121544 0.995492637
1305031117.979228 -0.051256087 -0.094594233 0.192106381 -0.079451256 -0.050424758 -0.008537153 0.995525956
1305031118.011228 -0.051010586 -0.109481022 0.200181246 -0.082994170 -0.050729219 -0.008917411 0.995218039
1305031118.043521 -0.051153503 -0.117925182 0.204728350 -0.081639819 -0.049476136 -0.009002214 0.995392382
1305031118.079334 -0.048607148 -0.126438648 0.209073558 -0.081534289 -0.049186856 -0.009931609 0.995406568
1305031118.111217 -0.047310770 -0.139245450 0.215486541 -0.082146965 -0.045411058 -0.011582759 0.995517731
1305031118.143256 -0.048799314 -0.148929775 0.218855530 -0.080985628 -0.040812284 -0.012892040 0.995795906
1305031118.179323 -0.051105767 -0.159772485 0.225055829 -0.080915496 -0.037467405 -0.015289448 0.995899141
1305031118.211202 -0.055487730 -0.169775113 0.228787109 -0.077912442 -0.033734169 -0.013831933 0.996293306
1305031118.243173 -0.057313867 -0.179377198 0.232401013 -0.075013317 -0.034553993 -0.014631393 0.996476293
1305031118.279194 -0.055726334 -0.191453740 0.237419620 -0.072387204 -0.035319563 -0.014416575 0.996646821
1305031118.311299 -0.056029201 -0.197824821 0.239914492 -0.065275595 -0.035577141 -0.014495309 0.997127533
1305031118.343324 -0.053569056 -0.203801036 0.243251279 -0.060604051 -0.035422247 -0.015755329 0.997408748
1305031118.379208 -0.057025466 -0.211429730 0.244844913 -0.056790676 -0.032843992 -0.017115379 0.997698963
1305031118.411296 -0.059173901 -0.212941542 0.246078253 -0.053404879 -0.034154374 -0.016823670 0.997846842
1305031118.445692 -0.056658290 -0.215366110 0.250763297 -0.052778978 -0.035232924 -0.014385113 0.997880816
1305031118.479285 -0.056004211 -0.219298467 0.251531452 -0.052672800 -0.035716929 -0.011802681 0.997903109
1305031118.511255 -0.053012170 -0.216191053 0.253304332 -0.049895450 -0.036853161 -0.010653788 0.998017430
1305031118.544414 -0.054605354 -0.208959788 0.252845794 -0.049178381 -0.035445895 -0.011813817 0.998090923
1305031118.579285 -0.054538175 -0.205179349 0.254332215 -0.050337501 -0.034388516 -0.012764932 0.998058438
1305031118.616142 -0.052014593 -0.200964481 0.252669722 -0.050931539 -0.032987263 -0.014713500 0.998048782
1305031118.645325 -0.054602262 -0.191405773 0.248948991 -0.050664473 -0.029803246 -0.017763738 0.998112917
1305031118.679295 -0.055253506 -0.187358737 0.246851280 -0.054668210 -0.028450968 -0.019044148 0.997917473
1305031118.711421 -0.053415574 -0.182558388 0.246092960 -0.055766080 -0.029795472 -0.021400684 0.997769713
1305031118.746770 -0.059028838 -0.173500329 0.239528745 -0.053495854 -0.029950326 -0.021433432 0.997888684
1305031118.779277 -0.057064608 -0.152643725 0.234383151 -0.052654725 -0.034385636 -0.020891428 0.997801900
1305031118.811221 -0.053729471 -0.154079527 0.233631074 -0.059777956 -0.037420653 -0.022259086 0.997261703
1305031118.846753 -0.050346322 -0.143306524 0.228706658 -0.055385485 -0.038021740 -0.021149069 0.997516692
1305031118.879208 -0.051957365 -0.118133508 0.217391342 -0.049768388 -0.034920111 -0.023945574 0.997862875
1305031118.911177 -0.049019374 -0.116059765 0.215398014 -0.055268858 -0.035243545 -0.025626304 0.997520208
1305031118.946974 -0.048797645 -0.100653887 0.206800327 -0.052483194 -0.033562016 -0.027301995 0.997684181
1305031118.979374 -0.052235518 -0.083043106 0.197958946 -0.051393215 -0.031623114 -0.031347498 0.997685373
1305031119.011363 -0.052439615 -0.074002832 0.192892402 -0.055664990 -0.032167666 -0.033545002 0.997367203
1305031119.047172 -0.052228060 -0.065872625 0.188491195 -0.058620423 -0.033089757 -0.032981496 0.997186482
1305031119.079223 -0.056461535 -0.054544374 0.179810360 -0.058163881 -0.033926211 -0.033240080 0.997176528
1305031119.111328 -0.056341983 -0.045562115 0.175360963 -0.058963358 -0.037782252 -0.032316599 0.997021317
1305031119.147616 -0.057973579 -0.032712899 0.167966649 -0.058255505 -0.040667634 -0.031021345 0.996990502
1305031119.179226 -0.055417869 -0.028871898 0.163882315 -0.060378395 -0.046001758 -0.030969849 0.996633887
1305031119.211364 -0.053627484 -0.016362485 0.157201722 -0.056853201 -0.048158612 -0.029495962 0.996784031
1305031119.247399 -0.055066973 -0.004402217 0.151475132 -0.055479337 -0.048890743 -0.028601555 0.996851861
1305031119.279212 -0.052185126 0.006862113 0.146209896 -0.054698229 -0.050953194 -0.028734731 0.996787965
1305031119.311212 -0.052930355 0.015819363 0.142117247 -0.054987427 -0.051122412 -0.025577962 0.996849358
1305031119.347741 -0.054600704 0.023674080 0.137053773 -0.054400310 -0.052256871 -0.023540862 0.996872962
1305031119.379239 -0.054016210 0.036974929 0.132415980 -0.052693438 -0.054550488 -0.023360578 0.996846020
1305031119.411484 -0.051217072 0.046388946 0.128893122 -0.053443655 -0.055163212 -0.022717336 0.996787190
1305031119.447706 -0.051200338 0.055095635 0.124419764 -0.054092687 -0.052485831 -0.022563318 0.996900260
1305031119.479267 -0.052222900 0.067369752 0.120445430 -0.051927380 -0.050063878 -0.022975393 0.997130513
1305031119.511240 -0.054330934 0.077807091 0.116017044 -0.053192422 -0.048435368 -0.022502832 0.997155070
1305031119.547382 -0.054457236 0.089953065 0.113118678 -0.053700276 -0.048653819 -0.021042883 0.997149050
1305031119.579559 -0.053570889 0.107807696 0.110140644 -0.053089678 -0.047814779 -0.021522777 0.997212112
1305031119.615017 -0.053531077 0.112265579 0.109287001 -0.058886506 -0.046282835 -0.019970603 0.996991217
1305031119.647903 -0.055489670 0.131001249 0.105325200 -0.058399651 -0.045072716 -0.019584697 0.997082949
1305031119.679208 -0.053178798 0.142690495 0.104017600 -0.061981201 -0.043497734 -0.021774897 0.996891201
1305031119.715232 -0.054998491 0.151503742 0.102665648 -0.067971766 -0.038457878 -0.018800773 0.996768475
1305031119.747193 -0.060684290 0.158653691 0.100743473 -0.072054155 -0.035097759 -0.014472079 0.996677935
1305031119.779169 -0.059973806 0.169525146 0.100852996 -0.074282549 -0.037351329 -0.011558999 0.996470451
1305031119.814537 -0.060385991 0.178371236 0.099143788 -0.076332256 -0.037823021 -0.008231187 0.996330798
1305031119.847429 -0.057956636 0.188060582 0.098386876 -0.078576952 -0.037686981 -0.003574408 0.996188998
1305031119.879214 -0.060721904 0.195274964 0.095283538 -0.078519441 -0.034494810 -0.004729835 0.996304393
1305031119.911401 -0.061113495 0.207493380 0.090955026 -0.077480718 -0.032775253 -0.002844812 0.996450901
1305031119.947392 -0.061242513 0.214765429 0.088833235 -0.081592157 -0.030949436 -0.003974441 0.996177197
1305031119.979537 -0.060724497 0.218498290 0.087616622 -0.084755652 -0.028042695 -0.005198943 0.995993495
1305031120.015264 -0.065855563 0.235684052 0.085529640 -0.084244810 -0.022898626 -0.003769455 0.996174812
1305031120.047290 -0.064773224 0.231120542 0.087177597 -0.094803818 -0.023336137 -0.001712633 0.995220959
1305031120.079418 -0.065094993 0.230576470 0.086690716 -0.097011201 -0.025509952 0.000738672 0.994956017
1305031120.115232 -0.067288548 0.236268818 0.086340033 -0.096754670 -0.026796203 0.002274750 0.994944870
1305031120.148157 -0.066174068 0.234643996 0.086048350 -0.098151639 -0.027606351 0.002782787 0.994784594
1305031120.179246 -0.066242144 0.232662797 0.086789660 -0.096237138 -0.026883110 0.005441232 0.994980454
1305031120.215249 -0.066547431 0.220244840 0.087953858 -0.096054465 -0.026583631 0.005164861 0.995007634
1305031120.248003 -0.066569023 0.221662596 0.088653684 -0.089447118 -0.026591651 0.002639075 0.995633066
1305031120.279430 -0.064869054 0.209730625 0.090347201 -0.089227721 -0.026488179 0.000643493 0.995658755
1305031120.315196 -0.064513922 0.199262500 0.093342058 -0.088124193 -0.026364516 -0.001825111 0.995758891
1305031120.347787 -0.063208677 0.191933244 0.095785990 -0.084451593 -0.026665103 -0.003150083 0.996065736
1305031120.379437 -0.062762082 0.177534670 0.098908126 -0.085719369 -0.026922144 -0.003374953 0.995949805
1305031120.415445 -0.060068224 0.161217779 0.105083451 -0.081913285 -0.028487142 -0.002858448 0.996228158
1305031120.447417 -0.059551354 0.156116173 0.107551627 -0.073593244 -0.029495290 -0.003243653 0.996846795
1305031120.479432 -0.057876408 0.143463030 0.113741517 -0.072124906 -0.031074146 -0.002617285 0.996908009
1305031120.514819 -0.061740022 0.131702900 0.118045010 -0.065688372 -0.031157928 -0.001004437 0.997353077
1305031120.547736 -0.062929183 0.125067368 0.121951304 -0.058429215 -0.033808343 0.000855966 0.997718573
1305031120.579551 -0.061674047 0.115814924 0.125221893 -0.055805378 -0.038112290 0.004548508 0.997703671
1305031120.615236 -0.061346039 0.104563631 0.131513759 -0.053240005 -0.042367961 0.006743726 0.997659743
1305031120.647354 -0.058929190 0.095922738 0.136542886 -0.048267454 -0.046077654 0.007159789 0.997745395
1305031120.679318 -0.057370823 0.088535100 0.140700728 -0.045764111 -0.048044458 0.008069089 0.997763634
1305031120.714522 -0.054793578 0.076261833 0.144748256 -0.045116220 -0.049575426 0.009844974 0.997702301
1305031120.747369 -0.055212323 0.067120850 0.150328785 -0.044145674 -0.051782869 0.010310354 0.997628868
1305031120.779894 -0.051597565 0.054727778 0.154986173 -0.043160405 -0.055043574 0.010370354 0.997496784
1305031120.814944 -0.051056337 0.047223423 0.157653406 -0.040536419 -0.055409763 0.010119239 0.997589171
1305031120.847921 -0.049364012 0.037415713 0.160650015 -0.041631106 -0.056992792 0.007956270 0.997474492
1305031120.883435 -0.047860526 0.026248895 0.164613008 -0.039805781 -0.056748528 0.006115534 0.997575939
1305031120.915444 -0.050278760 0.021101546 0.165579140 -0.037271619 -0.054477233 0.003871526 0.997811675
1305031120.947488 -0.048893869 0.009515500 0.169622198 -0.038438015 -0.054695755 0.002586813 0.997759640
1305031120.983366 -0.050422329 -0.000964186 0.172695577 -0.038352784 -0.054371413 0.000146487 0.997783959
1305031121.015019 -0.050610751 -0.011713232 0.175042048 -0.037448093 -0.054963149 -0.001005169 0.997785389
1305031121.047498 -0.053525589 -0.017197169 0.175834447 -0.035664488 -0.053599883 -0.002331407 0.997922659
1305031121.083099 -0.054522999 -0.031621996 0.180504560 -0.036414560 -0.054996982 -0.003539099 0.997816026
1305031121.114696 -0.052251052 -0.039557479 0.181542590 -0.033711866 -0.057072055 -0.002563575 0.997797430
1305031121.147331 -0.053819302 -0.049565546 0.182670087 -0.032426830 -0.057170913 -0.003557417 0.997831345
1305031121.183271 -0.054050520 -0.057748765 0.185404763 -0.030394977 -0.058495782 -0.004059782 0.997816563
1305031121.211420 -0.051052898 -0.068695180 0.189507738 -0.028490074 -0.059180040 -0.004044165 0.997832537
1305031121.247194 -0.055715665 -0.074819267 0.189688191 -0.025705101 -0.056259401 -0.005016648 0.998072624
1305031121.282876 -0.055296540 -0.087995715 0.194155201 -0.027562011 -0.058191434 -0.003345177 0.997919261
1305031121.313568 -0.054531954 -0.097900093 0.198227420 -0.024603141 -0.058621325 -0.003219307 0.997971833
1305031121.347517 -0.056814745 -0.106420137 0.199212551 -0.023154473 -0.059145294 -0.001618154 0.997979522
1305031121.383226 -0.054593600 -0.119984291 0.204105049 -0.022696711 -0.061190389 -0.001333838 0.997867107
1305031121.414318 -0.055176616 -0.128460333 0.205646098 -0.018264247 -0.060094066 -0.002920843 0.998021364
1305031121.447319 -0.055642664 -0.136425942 0.209331870 -0.017077943 -0.059794117 -0.001851670 0.998062909
1305031121.482964 -0.053840473 -0.148847640 0.213241428 -0.016294673 -0.058014017 -0.000170607 0.998182774
1305031121.514107 -0.058693063 -0.155564100 0.211511493 -0.013018215 -0.054869615 0.000270681 0.998408616
1305031121.547270 -0.058817580 -0.160239071 0.215241089 -0.013387564 -0.054882735 0.000462159 0.998402953
1305031121.583204 -0.056877419 -0.172303185 0.220338732 -0.015667010 -0.054244641 -0.000180511 0.998404741
1305031121.614700 -0.058999263 -0.181382596 0.222712860 -0.014918939 -0.051714860 -0.001937676 0.998548567
1305031121.647183 -0.058665998 -0.185814053 0.225378603 -0.013623084 -0.047740292 -0.004639648 0.998756111
1305031121.683200 -0.062468644 -0.194382161 0.225944012 -0.016135097 -0.042830285 -0.006441870 0.998931289
1305031121.714520 -0.064327888 -0.203613743 0.227889568 -0.017693184 -0.041751344 -0.004683298 0.998960376
1305031121.747145 -0.065201014 -0.205587789 0.231812671 -0.018370235 -0.041569293 -0.004459356 0.998956740
1305031121.782835 -0.063312121 -0.215003014 0.235345244 -0.021124460 -0.041731700 -0.002289979 0.998902917
1305031121.811540 -0.062366717 -0.219158769 0.238728404 -0.022347804 -0.040846694 -0.000536026 0.998915315
1305031121.847335 -0.062450439 -0.222055361 0.239476964 -0.024176190 -0.039153788 0.002629024 0.998937249
1305031121.882060 -0.062968798 -0.224456772 0.241677269 -0.026377244 -0.038857568 0.008290243 0.998862147
1305031121.914931 -0.064291134 -0.225628302 0.240544766 -0.028200684 -0.040072750 0.010720733 0.998741210
1305031121.947288 -0.060781337 -0.225626588 0.242325991 -0.028193420 -0.043293931 0.010121794 0.998613179
1305031121.982926 -0.060214229 -0.221840888 0.241370186 -0.027920008 -0.042876218 0.009528267 0.998644710
1305031122.014256 -0.062631607 -0.218558118 0.240516961 -0.028483683 -0.042248696 0.007289760 0.998674393
1305031122.047306 -0.061683528 -0.212693378 0.237593293 -0.026995813 -0.043875266 0.003956057 0.998664379
1305031122.082959 -0.061488271 -0.205167279 0.235395625 -0.025853537 -0.044301931 0.000232569 0.998683572
1305031122.114672 -0.062628925 -0.193307176 0.230218589 -0.023482867 -0.044083621 -0.003369832 0.998746157
1305031122.150725 -0.064015672 -0.185953543 0.227428675 -0.024229625 -0.043781329 -0.008990538 0.998706818
1305031122.183042 -0.061889492 -0.174948409 0.223563939 -0.022032114 -0.043318573 -0.013832438 0.998722553
1305031122.214959 -0.063723885 -0.153255135 0.215371504 -0.021790760 -0.041120961 -0.019733425 0.998721600
1305031122.251319 -0.063159630 -0.146900564 0.214672163 -0.027948575 -0.040849000 -0.023074914 0.998507798
1305031122.283560 -0.064018130 -0.133159161 0.209568933 -0.028047882 -0.041618340 -0.024218863 0.998446107
1305031122.314289 -0.067909747 -0.110226482 0.202137694 -0.030364541 -0.042704061 -0.028578509 0.998217225
1305031122.351327 -0.065972731 -0.102142029 0.200062320 -0.037085988 -0.045842320 -0.031570643 0.997760713
1305031122.382630 -0.069134846 -0.087627582 0.193388522 -0.040713433 -0.046787325 -0.031536587 0.997576475
1305031122.414997 -0.067684174 -0.083134174 0.191014215 -0.046590656 -0.051956970 -0.030664308 0.997090518
1305031122.451257 -0.069195658 -0.071583435 0.182786763 -0.047884703 -0.056010224 -0.029584285 0.996842384
1305031122.483360 -0.066912852 -0.060801044 0.179323345 -0.050707821 -0.061896659 -0.028658077 0.996381581
1305031122.515097 -0.069163635 -0.049742028 0.172341168 -0.051188927 -0.064408310 -0.031495143 0.996112108
1305031122.551490 -0.064718038 -0.039825983 0.167052180 -0.053039782 -0.066775970 -0.033042111 0.995809197
1305031122.583208 -0.065453038 -0.030301033 0.162107795 -0.054544128 -0.065235496 -0.034312800 0.995787084
1305031122.614980 -0.068136819 -0.021560833 0.159250215 -0.055388637 -0.064885959 -0.032969240 0.995808721
1305031122.648788 -0.066925019 -0.011246637 0.153629035 -0.054135542 -0.067303792 -0.032023475 0.995747983
1305031122.683402 -0.068241857 0.000177635 0.148888007 -0.053170908 -0.068011135 -0.030575672 0.995797396
1305031122.715208 -0.069592983 0.011002016 0.144472063 -0.052951626 -0.070462063 -0.027547857 0.995727062
1305031122.751298 -0.069272518 0.028186060 0.137881890 -0.050221931 -0.072515145 -0.027905358 0.995711088
1305031122.783423 -0.065998584 0.040812209 0.134101629 -0.053108845 -0.074158721 -0.027904611 0.995440245
1305031122.812555 -0.065156907 0.048206404 0.133001596 -0.058592141 -0.073478438 -0.028955685 0.995153010
1305031122.851418 -0.059515532 0.061224122 0.132355809 -0.058658715 -0.071637243 -0.030620625 0.995233476
1305031122.883754 -0.065081842 0.072184741 0.128144026 -0.060912780 -0.063143417 -0.030516794 0.995676279
1305031122.914571 -0.068169996 0.075803429 0.127765954 -0.065823831 -0.060164001 -0.029525885 0.995578110
1305031122.951341 -0.069062747 0.082752019 0.124486528 -0.067056991 -0.058899119 -0.028337754 0.995605946
1305031122.982815 -0.071668468 0.095641695 0.122606672 -0.067086257 -0.058368325 -0.024743862 0.995731056
1305031123.015450 -0.070162162 0.099969618 0.118924603 -0.070523858 -0.059847221 -0.022238584 0.995464802
1305031123.051827 -0.067994289 0.105782531 0.117461935 -0.070363723 -0.060304482 -0.020236481 0.995491207
1305031123.082975 -0.070638686 0.123161905 0.113072865 -0.066377133 -0.058277860 -0.018381128 0.995921612
1305031123.113873 -0.070893928 0.131894499 0.110248953 -0.069566801 -0.057058144 -0.016233873 0.995811880
1305031123.150822 -0.069878668 0.140365168 0.108758673 -0.071946479 -0.056760848 -0.015986687 0.995663762
1305031123.182155 -0.069249138 0.154732674 0.106606483 -0.072051480 -0.055015758 -0.016405260 0.995747328
1305031123.214704 -0.069521010 0.167365178 0.105383009 -0.075039625 -0.049806360 -0.017117746 0.995788813
1305031123.250618 -0.066849515 0.183715463 0.102730133 -0.078261226 -0.047112230 -0.016450735 0.995683193
1305031123.282347 -0.066906661 0.190340653 0.104353964 -0.087532051 -0.044045351 -0.015178204 0.995071769
1305031123.311327 -0.066311620 0.198997319 0.103852257 -0.092331082 -0.040210664 -0.014609965 0.994808853
1305031123.350481 -0.064886510 0.207668975 0.102713838 -0.096913025 -0.036475945 -0.013962164 0.994526207
1305031123.382255 -0.063862592 0.218509257 0.102743298 -0.100227937 -0.031965114 -0.011062467 0.994389355
1305031123.411363 -0.065634981 0.226390928 0.101649404 -0.102471441 -0.026186593 -0.009214292 0.994348526
1305031123.451255 -0.065252587 0.237545773 0.100295506 -0.103137307 -0.024162499 -0.007276462 0.994346976
1305031123.483594 -0.063145131 0.238028035 0.098950021 -0.111511953 -0.022984995 -0.001759616 0.993495703
1305031123.511360 -0.060850114 0.248281270 0.098969355 -0.112520531 -0.022211775 0.001045308 0.993400574
1305031123.551513 -0.059805915 0.254429877 0.097203359 -0.114756875 -0.022695107 0.003940782 0.993126512
1305031123.579583 -0.059468780 0.264679700 0.096410781 -0.114883728 -0.022000628 0.006589265 0.993113458
1305031123.611335 -0.057591479 0.270804793 0.094170913 -0.116830893 -0.021015063 0.007329965 0.992902398
1305031123.652411 -0.056609727 0.277957261 0.092675172 -0.120570406 -0.018929752 0.006653038 0.992501974
1305031123.683753 -0.055539440 0.286019921 0.092044696 -0.123618238 -0.015532886 0.008775357 0.992169499
1305031123.711323 -0.053272132 0.294541299 0.090299554 -0.126670063 -0.012688395 0.010068806 0.991812646
1305031123.751723 -0.051431794 0.299069315 0.090861149 -0.128793076 -0.011823749 0.011890933 0.991529703
1305031123.783858 -0.050417766 0.303000897 0.089293569 -0.129786044 -0.012485099 0.013794555 0.991367459
1305031123.811608 -0.049608093 0.304227710 0.087962762 -0.130920947 -0.012792353 0.014638153 0.991202176
1305031123.851444 -0.049370117 0.305358738 0.088902280 -0.131617770 -0.013236872 0.016899731 0.991068065
1305031123.883786 -0.048583619 0.308113813 0.087578170 -0.128737003 -0.014898581 0.017372597 0.991414666
1305031123.911243 -0.049567170 0.304378957 0.087609425 -0.126874730 -0.015498751 0.016606983 0.991658568
1305031123.951442 -0.047916397 0.298682988 0.087290213 -0.129518867 -0.016899334 0.018678797 0.991256952
1305031123.983415 -0.049802374 0.305966973 0.089176401 -0.124417536 -0.018603807 0.020320801 0.991847396
1305031124.011302 -0.050342567 0.299664944 0.091320530 -0.119089782 -0.022335710 0.020272957 0.992425203
1305031124.051505 -0.049933445 0.288855374 0.091915034 -0.118431792 -0.025690217 0.020576056 0.992416561
1305031124.083837 -0.052036662 0.289406061 0.094536990 -0.114021100 -0.027510587 0.021569477 0.992863119
1305031124.111331 -0.053828541 0.279474676 0.101402655 -0.108393244 -0.029488804 0.019363225 0.993481934
1305031124.147446 -0.054695550 0.265093088 0.103324622 -0.108138256 -0.030381965 0.017675765 0.993514299
1305031124.182694 -0.055928715 0.260991484 0.107405916 -0.104891166 -0.030978389 0.016396910 0.993865848
1305031124.211396 -0.054851025 0.254022330 0.110530779 -0.096772343 -0.032617673 0.013228068 0.994683981
1305031124.249327 -0.053555828 0.237737104 0.112324171 -0.096987903 -0.034790926 0.014615188 0.994569957
1305031124.282545 -0.057751507 0.215892196 0.114468262 -0.104217157 -0.036808137 0.013142729 0.993786275
1305031124.311361 -0.056325652 0.195439205 0.119714826 -0.105594672 -0.041266028 0.013220451 0.993464708
1305031124.350354 -0.053233355 0.195941299 0.119240932 -0.095382012 -0.046098761 0.012005014 0.994300306
1305031124.382420 -0.052238967 0.184726462 0.121224225 -0.092547327 -0.048468903 0.011494051 0.994461477
1305031124.411439 -0.050534241 0.170125350 0.124263629 -0.089606911 -0.050784141 0.010276439 0.994628549
1305031124.450245 -0.050007481 0.158905491 0.126964793 -0.083238646 -0.052079275 0.009042274 0.995126784
1305031124.480099 -0.049839020 0.145312533 0.128471062 -0.078295790 -0.053399649 0.006933962 0.995474875
1305031124.511324 -0.051846344 0.136244461 0.129115552 -0.071304522 -0.054220587 0.004752263 0.995968461
1305031124.550437 -0.050930537 0.125658303 0.131029740 -0.067349039 -0.056421719 0.002726150 0.996129155
1305031124.579404 -0.053119227 0.113047197 0.135185316 -0.063920394 -0.058051430 0.000105156 0.996265113
1305031124.611358 -0.053471878 0.101169199 0.138274878 -0.058942370 -0.060421497 -0.002502526 0.996428013
1305031124.651271 -0.051656261 0.088523738 0.141925260 -0.056244630 -0.063702650 -0.003626332 0.996376097
1305031124.679362 -0.050601110 0.073708579 0.145117417 -0.053357594 -0.065572754 -0.005312703 0.996406019
1305031124.711251 -0.050321456 0.064106278 0.148866877 -0.048614152 -0.065840840 -0.007569368 0.996616483
1305031124.749890 -0.052067541 0.050745822 0.152713001 -0.047002058 -0.065486133 -0.009322020 0.996702313
1305031124.779365 -0.052681796 0.037496991 0.156961441 -0.044374298 -0.066488340 -0.009671722 0.996753097
1305031124.811360 -0.050805185 0.027248366 0.162340134 -0.041986857 -0.068367526 -0.009624624 0.996729851
1305031124.850535 -0.053033311 0.014111320 0.166665897 -0.042008806 -0.068892851 -0.011277718 0.996675432
1305031124.879355 -0.046691149 -0.000636119 0.175134867 -0.041026782 -0.071326196 -0.010366452 0.996555030
1305031124.911448 -0.046350636 -0.008235927 0.178090006 -0.038902055 -0.068968453 -0.010519670 0.996804535
1305031124.950730 -0.047234729 -0.020623818 0.184995860 -0.042110085 -0.067476489 -0.010826720 0.996773005
1305031124.979438 -0.048700757 -0.038478069 0.192908794 -0.042384490 -0.066405520 -0.009345112 0.996848345
1305031125.011454 -0.054722905 -0.049617082 0.196042180 -0.037867013 -0.066766717 -0.008601594 0.997012675
1305031125.050763 -0.049289070 -0.052637719 0.201335162 -0.034247316 -0.070746273 -0.007217075 0.996880114
1305031125.079364 -0.051375505 -0.065122925 0.205706224 -0.035749711 -0.068933941 -0.004736198 0.996969223
1305031125.111364 -0.049950667 -0.079275712 0.210404068 -0.036168873 -0.070759065 -0.003204140 0.996832311
1305031125.151013 -0.048701800 -0.088802353 0.214305550 -0.032650508 -0.071511067 -0.004878999 0.996893346
1305031125.179353 -0.052604809 -0.089547381 0.215243012 -0.030704143 -0.067470707 -0.005237643 0.997234941
1305031125.211320 -0.053194799 -0.102800444 0.221656337 -0.035070438 -0.066606291 -0.004705988 0.997151673
1305031125.250632 -0.055051275 -0.116406679 0.225062266 -0.034142442 -0.066080384 -0.007082241 0.997204840
1305031125.279467 -0.056134455 -0.121510424 0.227166653 -0.030796669 -0.065752238 -0.008435161 0.997324944
1305031125.311493 -0.055347048 -0.133916691 0.231691465 -0.031983942 -0.064657517 -0.007319838 0.997367978
1305031125.348880 -0.059342392 -0.140051425 0.232641459 -0.028137445 -0.062209036 -0.010512918 0.997611046
1305031125.379401 -0.054619431 -0.143764734 0.237060353 -0.027512191 -0.061974302 -0.015189730 0.997582853
1305031125.411335 -0.057618316 -0.148284137 0.239502981 -0.027196648 -0.054606590 -0.016291957 0.998004496
1305031125.451195 -0.059568428 -0.156101719 0.242414474 -0.030852016 -0.048919879 -0.018295046 0.998158455
1305031125.479424 -0.059668649 -0.163909420 0.245741770 -0.030742126 -0.045112640 -0.019582024 0.998316705
1305031125.511316 -0.060591541 -0.165865451 0.245627880 -0.030121248 -0.041087870 -0.020367082 0.998493731
1305031125.551020 -0.060987055 -0.168039292 0.247367069 -0.030920453 -0.037868939 -0.022260552 0.998556137
1305031125.579308 -0.060546525 -0.169648647 0.247553632 -0.032053877 -0.034457441 -0.024580777 0.998589516
1305031125.611533 -0.061429732 -0.175847054 0.249051347 -0.032371204 -0.031071343 -0.024788491 0.998685241
1305031125.650575 -0.063743085 -0.180082768 0.244076744 -0.029433675 -0.030307556 -0.020628031 0.998894215
1305031125.679328 -0.069979116 -0.171644956 0.235383123 -0.023793727 -0.032276511 -0.020203302 0.998991430
1305031125.711443 -0.063260615 -0.173499882 0.235518426 -0.023515373 -0.040060222 -0.017870508 0.998760641
1305031125.751260 -0.062958509 -0.160696104 0.230471224 -0.016970495 -0.042152669 -0.017100431 0.998820662
1305031125.779348 -0.063205808 -0.151130304 0.227415532 -0.016055230 -0.042945620 -0.020080036 0.998746574
1305031125.811573 -0.062149376 -0.141302690 0.223659545 -0.015131930 -0.042540047 -0.021834701 0.998741508
1305031125.847412 -0.062362425 -0.133897960 0.221596316 -0.017211473 -0.041062221 -0.023759251 0.998725772
1305031125.879318 -0.064527892 -0.127383485 0.215073958 -0.017946776 -0.040960368 -0.024069669 0.998709559
1305031125.911305 -0.066547953 -0.111428387 0.209822401 -0.019343646 -0.043583650 -0.022708070 0.998604357
1305031125.947343 -0.070280999 -0.108185247 0.205994084 -0.024207437 -0.049142927 -0.020328835 0.998291373
1305031125.979324 -0.066585757 -0.093758948 0.203298584 -0.023259459 -0.057807695 -0.016854158 0.997914433
1305031126.011333 -0.061784670 -0.077456787 0.202893123 -0.024090419 -0.064897411 -0.016037790 0.997472167
1305031126.047324 -0.057265956 -0.063520931 0.200600535 -0.026144806 -0.067370579 -0.015985871 0.997257292
1305031126.079356 -0.055863649 -0.051425252 0.197313279 -0.030332312 -0.065964833 -0.015109899 0.997246385
1305031126.111370 -0.054074883 -0.040635902 0.196697325 -0.034258503 -0.065721579 -0.015246475 0.997133195
1305031126.147432 -0.052002050 -0.022915773 0.195775419 -0.034926448 -0.065511651 -0.012701584 0.997159481
1305031126.179384 -0.055326276 -0.006879436 0.191465780 -0.040134620 -0.064196117 -0.012767067 0.997048199
1305031126.211319 -0.053466924 0.002000693 0.190475404 -0.045089699 -0.064974762 -0.013206496 0.996780217
1305031126.247298 -0.049635395 0.019342188 0.187386185 -0.046483446 -0.064948171 -0.011809877 0.996735454
1305031126.279363 -0.048612438 0.030545488 0.186357424 -0.050870158 -0.063525453 -0.013280427 0.996594369
1305031126.311332 -0.044511363 0.046128534 0.183649674 -0.053844836 -0.061959472 -0.014219261 0.996523738
1305031126.347363 -0.047053911 0.055620022 0.181046426 -0.058852971 -0.056915112 -0.015882218 0.996516287
1305031126.379423 -0.049400680 0.067441463 0.178178951 -0.061615158 -0.053174589 -0.017302800 0.996532321
1305031126.411465 -0.047885798 0.079661898 0.175160691 -0.065733857 -0.052243426 -0.018609110 0.996294856
1305031126.447361 -0.049886063 0.086413682 0.172784984 -0.070993818 -0.050063197 -0.018373331 0.996050179
1305031126.479533 -0.052135326 0.096462429 0.169328809 -0.073089749 -0.049405731 -0.015028591 0.995987535
1305031126.511410 -0.052489541 0.113041371 0.164227396 -0.073815197 -0.050713588 -0.013695455 0.995887458
1305031126.547374 -0.047152165 0.121504545 0.163085371 -0.080074154 -0.053116638 -0.013097916 0.995286465
1305031126.579454 -0.047330335 0.130326971 0.161415488 -0.084157035 -0.050588574 -0.011347419 0.995102823
1305031126.611528 -0.047145635 0.139466077 0.159204453 -0.088547193 -0.048641637 -0.010094238 0.994832397
1305031126.647376 -0.044421770 0.141057640 0.158923879 -0.094692543 -0.047751665 -0.007937675 0.994328976
1305031126.679479 -0.043477505 0.148208365 0.156408042 -0.096073270 -0.045725115 -0.003056735 0.994318783
1305031126.711583 -0.042960048 0.156262115 0.153546974 -0.097703457 -0.043913081 -0.000457396 0.994246185
1305031126.747316 -0.042120125 0.159821674 0.152712911 -0.098732218 -0.042239435 0.002280368 0.994214535
1305031126.779379 -0.041750044 0.164897025 0.149637520 -0.098341756 -0.041160472 0.005049994 0.994288266
1305031126.811602 -0.040797852 0.169387490 0.146331668 -0.098016702 -0.038519558 0.004764031 0.994427621
1305031126.847343 -0.038215626 0.171588257 0.144724667 -0.099141777 -0.035806544 0.005909652 0.994411349
1305031126.879357 -0.039015487 0.175223321 0.143161282 -0.099044248 -0.033376563 0.006085830 0.994504511
1305031126.911364 -0.037895218 0.177254885 0.141636163 -0.098898143 -0.031335998 0.005935012 0.994586349
1305031126.947437 -0.037301317 0.179037035 0.140661538 -0.099525906 -0.030777927 0.008298636 0.994524240
1305031126.979337 -0.037134528 0.179804370 0.140094951 -0.099350214 -0.031667080 0.009189066 0.994506061
1305031127.011371 -0.036224626 0.178485841 0.139189988 -0.098284006 -0.032834135 0.009621784 0.994570017
1305031127.047297 -0.034911487 0.177242532 0.138962209 -0.098478943 -0.033704028 0.010494590 0.994512856
1305031127.079299 -0.036020294 0.178500921 0.139393598 -0.097930394 -0.033736601 0.010809682 0.994562507
1305031127.111435 -0.035742115 0.175176710 0.139946878 -0.098565042 -0.036433868 0.011942106 0.994391739
1305031127.147307 -0.037466522 0.168455973 0.139921203 -0.099511683 -0.038987685 0.012105532 0.994198620
1305031127.179349 -0.038267121 0.169511616 0.140077159 -0.096466765 -0.041372407 0.011918979 0.994404554
1305031127.211700 -0.036593076 0.169406876 0.141899154 -0.094935350 -0.043510076 0.011383635 0.994466960
1305031127.247374 -0.035692763 0.162556410 0.143607557 -0.095021121 -0.044056159 0.010547409 0.994443953
1305031127.279465 -0.036272541 0.163102642 0.144409835 -0.091684192 -0.044155508 0.009595642 0.994762421
1305031127.311362 -0.037251439 0.157995507 0.145682633 -0.093361408 -0.044751044 0.008989763 0.994585454
1305031127.347356 -0.036958620 0.151067913 0.148787066 -0.093159415 -0.046620812 0.008595698 0.994521976
1305031127.379262 -0.038539518 0.152369335 0.149299830 -0.089239694 -0.047241334 0.008174067 0.994855642
1305031127.411371 -0.038686030 0.150454745 0.150981352 -0.089084834 -0.048424490 0.007406730 0.994818628
1305031127.447333 -0.038533665 0.143264934 0.153660879 -0.090344734 -0.049982645 0.007294235 0.994628727
1305031127.479362 -0.040351860 0.145313099 0.153728515 -0.087007880 -0.050301604 0.006317434 0.994916797
1305031127.511356 -0.040701360 0.144448131 0.155386850 -0.087867931 -0.051478699 0.005359164 0.994786680
1305031127.547348 -0.039726913 0.138946757 0.158411413 -0.089147508 -0.053002916 0.005486621 0.994592071
1305031127.579345 -0.041191757 0.138372779 0.158544049 -0.087369166 -0.052794315 0.004870690 0.994764149
1305031127.611271 -0.042056702 0.140554890 0.159205720 -0.086530730 -0.053132430 0.004676502 0.994820297
1305031127.647358 -0.040296517 0.136410981 0.160867363 -0.088501297 -0.054227468 0.006140902 0.994579911
1305031127.679298 -0.040061936 0.135959089 0.161961302 -0.086733967 -0.054807946 0.006945243 0.994698465
1305031127.711375 -0.041447099 0.136572599 0.161268085 -0.086060934 -0.055070408 0.006516345 0.994745314
1305031127.747304 -0.040481783 0.134985477 0.162416071 -0.087281220 -0.055894725 0.006660031 0.994592071
1305031127.779346 -0.041412041 0.131926119 0.163458467 -0.086890340 -0.055885859 0.006377216 0.994628668
1305031127.811829 -0.040862590 0.133859470 0.162722126 -0.084777512 -0.056450132 0.006294707 0.994779646
1305031127.847366 -0.043260191 0.132613555 0.162604719 -0.085228600 -0.055439945 0.004709946 0.994806707
1305031127.879380 -0.043471634 0.129887074 0.162555918 -0.086264655 -0.055986185 0.004332284 0.994688511
1305031127.911476 -0.044021316 0.131021500 0.162741721 -0.085219309 -0.056758322 0.004166075 0.994735539
1305031127.947366 -0.044370290 0.132669359 0.162982851 -0.085127048 -0.057595279 0.004059784 0.994695783
1305031127.979371 -0.044122294 0.131424993 0.164924622 -0.087099284 -0.058455996 0.003901067 0.994475424
1305031128.011427 -0.042987853 0.132110134 0.166772336 -0.087722674 -0.059114676 0.003809898 0.994382024
1305031128.047369 -0.042579569 0.129628807 0.169826448 -0.090763927 -0.058293190 0.004560050 0.994154394
1305031128.079334 -0.042051919 0.125701547 0.171942517 -0.091794245 -0.058168598 0.005757543 0.994060934
1305031128.111391 -0.042733788 0.125814199 0.172736689 -0.090853617 -0.058129221 0.006364906 0.994145930
1305031128.147418 -0.042772517 0.124847218 0.174320966 -0.091812305 -0.058140758 0.007952160 0.994045734
1305031128.179350 -0.039278746 0.120209292 0.177041128 -0.092608802 -0.059689857 0.009789530 0.993863642
1305031128.211447 -0.041354977 0.122813493 0.175463438 -0.089206949 -0.058528498 0.009538132 0.994246244
1305031128.247480 -0.041216679 0.122713760 0.175504372 -0.089843713 -0.059172016 0.010087295 0.994145393
1305031128.279336 -0.040486999 0.118972763 0.177013159 -0.091010995 -0.059863962 0.010076494 0.993997872
1305031128.311483 -0.042846650 0.121158168 0.175881207 -0.088697568 -0.058805261 0.009078717 0.994279742
1305031128.347423 -0.042406783 0.120810322 0.176368549 -0.088924631 -0.059264079 0.008346912 0.994238675
1305031128.379404 -0.043235872 0.119659632 0.176912516 -0.089294821 -0.059399039 0.006556827 0.994210839
1305031128.411337 -0.043166313 0.118236214 0.176501811 -0.089005969 -0.059554409 0.005383633 0.994234502
1305031128.447296 -0.043277822 0.118667632 0.176302776 -0.088364400 -0.059664425 0.004493964 0.994289517
1305031128.479296 -0.044714067 0.116946727 0.176810592 -0.089028455 -0.059445426 0.003121903 0.994248688
1305031128.511433 -0.043625876 0.116480052 0.176254302 -0.088639550 -0.059712287 0.002950035 0.994267941
1305031128.547399 -0.044030163 0.114660278 0.176149815 -0.089284606 -0.058901668 0.002071544 0.994260788
1305031128.579455 -0.043184690 0.113072969 0.176896855 -0.089144543 -0.058795877 0.001931854 0.994279921
1305031128.611395 -0.044349276 0.112939440 0.175978780 -0.087888077 -0.058508642 0.002205211 0.994408131
1305031128.647352 -0.047307305 0.114855215 0.174697444 -0.086219057 -0.058407623 0.002004663 0.994560659
1305031128.679282 -0.044653781 0.109719425 0.175283536 -0.087929569 -0.060967062 0.001968156 0.994257271
1305031128.711457 -0.043862805 0.111360103 0.175642878 -0.086072147 -0.061153304 0.001448964 0.994409263
1305031128.747363 -0.045800555 0.111962683 0.173913628 -0.084794998 -0.059268791 -0.000225019 0.994634092
