1305031526.671473 0.000000000 0.000000000 0.000000000 0.000000000 0.000000000 0.000000000 1.000000000
1305031526.707547 0.003213584 -0.004551326 -0.001740487 0.011474090 0.010401637 0.001977992 0.999878109
1305031526.771481 0.013185291 -0.015843553 -0.013771970 0.041596182 0.032377016 0.001446941 0.998608708
1305031526.807455 -0.002329716 -0.008926760 -0.027184531 0.074376866 0.052107088 -0.001377683 0.995866954
1305031526.871446 -0.004237867 -0.002616129 -0.042710297 0.114986792 0.070598133 -0.008187947 0.990821302
1305031526.907484 -0.008515579 -0.002600905 -0.059589226 0.135531336 0.081641927 -0.011602612 0.987335443
1305031526.939618 -0.007657810 -0.011151971 -0.073148303 0.149483755 0.089573026 -0.014876457 0.984586179
1305031526.971510 -0.009263185 -0.013950676 -0.084188685 0.166807190 0.097163901 -0.017076924 0.981041789
1305031527.007595 -0.012740229 -0.003506240 -0.091534041 0.183596462 0.104147248 -0.017718490 0.977308452
1305031527.039512 -0.017684583 -0.009439889 -0.102955297 0.196506530 0.111400872 -0.019322956 0.973961830
1305031527.071487 -0.022349354 0.007231604 -0.109581836 0.215065867 0.118823834 -0.021432323 0.969106913
1305031527.107498 -0.026771745 0.007686459 -0.115994424 0.222169802 0.123813964 -0.019910835 0.966909647
1305031527.139473 -0.026523234 0.009789359 -0.121299356 0.233432978 0.128156766 -0.021374702 0.963653445
1305031527.171540 -0.029812649 0.020974740 -0.126629695 0.241716444 0.132601649 -0.020165857 0.961032391
1305031527.207588 -0.033281710 0.025042981 -0.132848158 0.241708905 0.134835884 -0.018016910 0.960766077
1305031527.271501 -0.045633268 0.043835267 -0.135768294 0.232498109 0.138181955 -0.016271338 0.962593198
1305031527.307472 -0.044645563 0.046225425 -0.126742929 0.223353565 0.135194927 -0.012004213 0.965241611
1305031527.339636 -0.042389639 0.049929269 -0.120162517 0.214375257 0.130848676 -0.007487200 0.967918336
1305031527.371505 -0.040836893 0.052878205 -0.116277672 0.204923123 0.128799438 -0.004866416 0.970254362
1305031527.407412 -0.040661205 0.059653744 -0.110788137 0.196298480 0.129169196 -0.001184443 0.971998334
1305031527.439476 -0.040140182 0.059570439 -0.107914865 0.184802279 0.129448116 0.002462632 0.974210083
1305031527.471497 -0.039565727 0.061576050 -0.103565082 0.175313547 0.128747016 0.005232828 0.976044059
1305031527.507487 -0.039239708 0.066759825 -0.099370293 0.166302979 0.128069982 0.005625209 0.977706373
1305031527.539741 -0.040259577 0.068345614 -0.095709547 0.155300498 0.128673822 0.006615280 0.979428947
1305031527.571506 -0.041241992 0.075611949 -0.091689795 0.143692479 0.128818303 0.007896590 0.981170714
1305031527.607559 -0.042395052 0.078252032 -0.086080782 0.129180431 0.128883660 0.008340220 0.983174384
1305031527.671547 -0.055589486 0.085953690 -0.082444087 0.095719345 0.123524606 0.005690818 0.987697899
1305031527.707520 -0.056496099 0.080783263 -0.073845938 0.081576236 0.115870453 0.008694477 0.989870548
1305031527.771461 -0.064160965 0.079404965 -0.071151525 0.062824972 0.104460880 0.012339219 0.992465973
1305031527.807581 -0.069222279 0.073660553 -0.071428552 0.051488608 0.097753219 0.014013245 0.993779123
1305031527.839601 -0.079077460 0.071730137 -0.070913315 0.045058537 0.089309841 0.015304808 0.994866431
1305031527.871464 -0.094216950 0.086584829 -0.071843326 0.042693138 0.079928219 0.011694001 0.995817244
1305031527.907477 -0.099046707 0.086709596 -0.061000612 0.034956478 0.066995591 0.007639255 0.997111440
1305031527.939566 -0.104737341 0.074191302 -0.055613577 0.028204611 0.051404364 -0.000191363 0.998279572
1305031527.971502 -0.109970048 0.081244968 -0.059123643 0.033254538 0.031751022 -0.015911758 0.998815715
1305031528.039560 -0.128909096 0.075569101 -0.052366987 0.033966191 -0.003407372 -0.048103701 0.998258829
1305031528.071546 -0.144495293 0.086794123 -0.054118209 0.043789696 -0.018258112 -0.062289495 0.996929824
1305031528.107513 -0.160397336 0.089129739 -0.055724621 0.049578633 -0.034178689 -0.080024756 0.994972289
1305031528.139513 -0.164655194 0.094314590 -0.055611573 0.056004729 -0.054690626 -0.097208962 0.992180824
1305031528.171523 -0.177676290 0.096419737 -0.060224213 0.059986401 -0.066420317 -0.115044393 0.989320338
1305031528.207527 -0.196029738 0.093912385 -0.060955890 0.064803734 -0.073549122 -0.133924201 0.986131489
1305031528.239493 -0.203761026 0.096214972 -0.065785304 0.073951043 -0.082894936 -0.148815513 0.982605517
1305031528.275450 -0.223234832 0.100554690 -0.073113322 0.080269292 -0.092922144 -0.160131678 0.979428470
1305031528.307665 -0.239476800 0.102360629 -0.079652391 0.088288903 -0.113701589 -0.174740598 0.974034250
1305031528.339593 -0.259157866 0.115786351 -0.085969470 0.099212907 -0.133890703 -0.186384916 0.968241036
1305031528.375435 -0.270631045 0.121623151 -0.088241853 0.104968339 -0.158674836 -0.191555142 0.962865770
1305031528.407459 -0.282586068 0.125665322 -0.091518946 0.110122249 -0.187464088 -0.198698461 0.955640733
1305031528.439469 -0.291051120 0.129810065 -0.110357061 0.113253281 -0.217598170 -0.203210175 0.947908401
1305031528.475342 -0.309358656 0.126886964 -0.131641373 0.109822832 -0.240791991 -0.209122226 0.941395819
1305031528.539626 -0.334583580 0.144936904 -0.145323485 0.111384749 -0.296893179 -0.217317387 0.923158169
1305031528.575449 -0.324028999 0.154964432 -0.183172554 0.104274258 -0.325124443 -0.222821668 0.913110852
1305031528.607841 -0.338927537 0.156626582 -0.191675097 0.097262047 -0.346042693 -0.228799924 0.904679596
1305031528.639487 -0.335808069 0.165818363 -0.180360585 0.095697157 -0.372168005 -0.233817294 0.893119514
1305031528.707447 -0.339021653 0.183166489 -0.189399958 0.078636043 -0.395980686 -0.250831813 0.879828990
1305031528.739609 -0.339686900 0.192571089 -0.192577660 0.071446456 -0.403155029 -0.258836269 0.874851525
1305031528.775443 -0.341938764 0.208640695 -0.192265302 0.065639816 -0.405634731 -0.266360372 0.871896803
1305031528.807559 -0.348262310 0.218980014 -0.196665049 0.053162869 -0.406221002 -0.274771541 0.869861364
1305031528.839572 -0.356483698 0.232879698 -0.201032162 0.042615525 -0.407814652 -0.283470541 0.866899967
1305031528.875433 -0.356958151 0.251875639 -0.211617053 0.033605233 -0.407625705 -0.290693820 0.864990771
1305031528.907519 -0.356552064 0.278469294 -0.215386540 0.024964198 -0.406494051 -0.294458956 0.864542246
1305031528.939602 -0.368416339 0.282979935 -0.222261727 0.005432726 -0.402974963 -0.301134974 0.864233375
1305031528.975465 -0.377319217 0.297058433 -0.225742653 -0.008394430 -0.402022421 -0.297436565 0.865932465
1305031529.007487 -0.380711496 0.317789584 -0.231933489 -0.021999875 -0.398501545 -0.294901073 0.868185401
1305031529.039494 -0.388713539 0.326956451 -0.235155031 -0.039969902 -0.391906440 -0.294478446 0.870686054
1305031529.075422 -0.403010488 0.336755216 -0.241143882 -0.057927549 -0.376422584 -0.285195380 0.879553318
1305031529.107523 -0.413579732 0.350797325 -0.248507470 -0.070245184 -0.361595511 -0.273433149 0.888565481
1305031529.139597 -0.425860763 0.366818041 -0.257629156 -0.084786244 -0.346340030 -0.256175488 0.898462057
1305031529.175411 -0.438361526 0.388882816 -0.271176457 -0.097976714 -0.330076158 -0.237311244 0.908368707
1305031529.207466 -0.451614499 0.413438231 -0.287204176 -0.110541321 -0.313226968 -0.224126056 0.916207969
1305031529.239515 -0.467773020 0.432237148 -0.300080836 -0.124238230 -0.296572208 -0.219712257 0.921051741
1305031529.275389 -0.480311096 0.460444570 -0.305870026 -0.131746426 -0.277272642 -0.214017645 0.927339852
1305031529.307413 -0.499105036 0.468717784 -0.315975249 -0.147229016 -0.258651257 -0.211067840 0.931060433
1305031529.339486 -0.513127446 0.484751105 -0.330718130 -0.160149887 -0.244219542 -0.207617089 0.933597326
1305031529.375399 -0.546301305 0.487031847 -0.336350322 -0.179241985 -0.230439454 -0.210851088 0.932905018
1305031529.407513 -0.566357911 0.498309463 -0.348968923 -0.178848162 -0.228483438 -0.213917926 0.932763517
1305031529.439502 -0.586559772 0.508531034 -0.360332906 -0.177087992 -0.223491907 -0.218744785 0.933189094
1305031529.475403 -0.606397152 0.516768634 -0.371218950 -0.174511716 -0.217513680 -0.220130011 0.934759974
1305031529.507485 -0.624958277 0.515900552 -0.374616563 -0.175823480 -0.215821028 -0.222914979 0.934246361
1305031529.539489 -0.644439697 0.529565454 -0.383666277 -0.161849141 -0.206591919 -0.224387422 0.938496113
1305031529.607479 -0.679657400 0.547251821 -0.400569558 -0.154870808 -0.190731898 -0.219462305 0.944178283
1305031529.639746 -0.697040081 0.548683584 -0.406175137 -0.159235328 -0.184214920 -0.214157373 0.945962787
1305031529.675618 -0.711680710 0.556714356 -0.409324944 -0.160528883 -0.176786736 -0.205366716 0.949105620
1305031529.707557 -0.729698062 0.559301734 -0.412815124 -0.167182192 -0.168662161 -0.195351273 0.951546669
1305031529.739568 -0.742207646 0.563544214 -0.413035601 -0.169894353 -0.162507787 -0.189468473 0.953325152
1305031529.775501 -0.754556119 0.564580798 -0.409709156 -0.174225092 -0.152211562 -0.184905514 0.955137253
1305031529.807516 -0.770785213 0.552854896 -0.401068717 -0.179132476 -0.140503123 -0.180140898 0.956932425
1305031529.839505 -0.792382598 0.564307511 -0.409517258 -0.165466219 -0.121723063 -0.174985290 0.962904274
1305031529.875495 -0.812267482 0.566963077 -0.409176230 -0.164059609 -0.110753030 -0.163700014 0.966447353
1305031529.939498 -0.854065716 0.566833496 -0.409570694 -0.156569809 -0.100133635 -0.139679998 0.972598910
1305031529.975501 -0.872681022 0.568329751 -0.411826372 -0.155690238 -0.095522240 -0.128597721 0.974730074
1305031530.007409 -0.895270348 0.566114843 -0.413856030 -0.159373417 -0.088054091 -0.116415836 0.976367712
1305031530.039454 -0.918608963 0.565063477 -0.416570157 -0.160848439 -0.082889229 -0.102429211 0.978143871
1305031530.075443 -0.941802859 0.559778035 -0.423091769 -0.165244058 -0.078934625 -0.091024727 0.978865743
1305031530.107445 -0.959579051 0.552540243 -0.423965812 -0.168903396 -0.078786969 -0.079314642 0.979271889
1305031530.139497 -0.979643524 0.546503901 -0.432698578 -0.164486155 -0.078027710 -0.068492331 0.980899990
1305031530.175410 -1.002469182 0.538344324 -0.443268687 -0.163051948 -0.074931547 -0.063717060 0.981702328
1305031530.207486 -1.021953940 0.518118799 -0.452214122 -0.164756492 -0.073186830 -0.058146145 0.981895089
1305031530.239446 -1.038915634 0.509633005 -0.461586148 -0.155872196 -0.071170494 -0.058585629 0.983466506
1305031530.275407 -1.060156584 0.501403451 -0.474503577 -0.148925111 -0.065092452 -0.061297040 0.984797895
1305031530.307544 -1.079163909 0.490290076 -0.487104535 -0.144545317 -0.058865838 -0.061812516 0.985809684
1305031530.339724 -1.098089218 0.488276511 -0.502325475 -0.136129305 -0.052187108 -0.064523011 0.987209260
1305031530.375386 -1.113687992 0.482089728 -0.514271975 -0.135935217 -0.045010753 -0.065624557 0.987516582
1305031530.407465 -1.133092165 0.464751363 -0.523114562 -0.138027593 -0.037211031 -0.065267593 0.987574756
1305031530.439553 -1.150503993 0.455410957 -0.534063518 -0.132694542 -0.030408811 -0.066109538 0.988482177
1305031530.475439 -1.167731524 0.446809411 -0.546684384 -0.128298730 -0.023816563 -0.064140767 0.989372611
1305031530.507461 -1.178557158 0.432571679 -0.558326960 -0.125522450 -0.018508054 -0.062621795 0.989939451
1305031530.539532 -1.189625740 0.416706681 -0.574728072 -0.117518522 -0.009805365 -0.065311976 0.990872145
1305031530.575433 -1.201065063 0.395731121 -0.586740971 -0.105116293 0.003148159 -0.066762850 0.992211342
1305031530.607559 -1.212055922 0.388244539 -0.608087540 -0.085393026 0.020431599 -0.066802524 0.993895352
1305031530.639507 -1.213934541 0.370059609 -0.621736288 -0.073736481 0.037755564 -0.062485512 0.994601905
1305031530.675401 -1.231466174 0.364625514 -0.640803099 -0.055349559 0.062189139 -0.065892041 0.994347572
1305031530.739522 -1.257370353 0.360341936 -0.686155796 -0.015116088 0.116142407 -0.055851433 0.991545796
1305031530.775437 -1.275923014 0.371521860 -0.688996136 0.002338496 0.144766927 -0.045356244 0.988422930
1305031530.807467 -1.302370906 0.390232861 -0.707304239 0.019432232 0.171245947 -0.035621785 0.984392345
1305031530.839463 -1.339944839 0.390346199 -0.720444024 0.019211307 0.194774240 -0.026145615 0.980311334
1305031530.875401 -1.367452860 0.392039150 -0.727498114 0.016650526 0.207957864 -0.014610231 0.977886915
1305031530.939462 -1.439449787 0.395243347 -0.719186246 0.024469726 0.216007486 -0.005111476 0.976071656
1305031530.975286 -1.471754670 0.407094300 -0.726068139 0.024123043 0.206758171 -0.004608641 0.978083789
1305031531.039689 -1.522954226 0.408515185 -0.723482549 0.009346778 0.177458912 -0.002833578 0.984079719
1305031531.075325 -1.538014770 0.421032488 -0.709403992 -0.000832792 0.157314703 0.001466588 0.987547100
1305031531.139581 -1.578631043 0.419041485 -0.679105818 -0.025346702 0.118386641 0.007116835 0.992618501
1305031531.175355 -1.612797976 0.438917398 -0.646978617 -0.026512833 0.103981353 0.009995702 0.994175553
1305031531.239619 -1.668808818 0.445242018 -0.617117524 -0.044695277 0.069386214 0.021162221 0.996363461
1305031531.275515 -1.673919559 0.442024350 -0.598305404 -0.049736544 0.047270183 0.025143277 0.997326255
1305031531.339595 -1.709738374 0.460519433 -0.555937946 -0.046163257 0.025129974 0.026852038 0.998256683
1305031531.375434 -1.721723318 0.457854986 -0.541501939 -0.048376512 0.021644672 0.029489975 0.998159111
1305031531.439644 -1.756245732 0.467579305 -0.509019494 -0.042658541 0.034758404 0.031621143 0.997984052
1305031531.475324 -1.775049090 0.455771446 -0.489833683 -0.043857560 0.044166435 0.037392080 0.997360349
1305031531.507602 -1.801957369 0.465228587 -0.471932858 -0.036469046 0.054739162 0.038528200 0.997090399
1305031531.539487 -1.817756057 0.458170354 -0.453793377 -0.038349625 0.058151525 0.045062725 0.996552587
1305031531.575392 -1.837313771 0.456780702 -0.435841322 -0.035617884 0.062498961 0.050695028 0.996120095
1305031531.607419 -1.857543826 0.458265901 -0.422920257 -0.033472948 0.068639874 0.054816198 0.995571852
1305031531.639521 -1.876149893 0.454600722 -0.407370389 -0.035023350 0.075129054 0.057258032 0.994912326
1305031531.675444 -1.895725965 0.446599394 -0.392746747 -0.033792030 0.082020022 0.063005008 0.994062960
1305031531.707498 -1.921518922 0.449437797 -0.379965127 -0.030493587 0.087859437 0.061844021 0.993743539
1305031531.739657 -1.934901357 0.445880741 -0.363865733 -0.031394344 0.089870006 0.060547881 0.993615448
1305031531.775442 -1.955874801 0.444017440 -0.351401985 -0.027878992 0.096014552 0.058173042 0.993287385
1305031531.839545 -2.007791281 0.452605397 -0.328819841 -0.020740271 0.106242180 0.057534777 0.992457688
1305031531.875426 -2.027301073 0.460647434 -0.316875696 -0.028444631 0.108313791 0.057962906 0.992017806
1305031531.907427 -2.043184757 0.459279895 -0.303689688 -0.038350563 0.111527048 0.060043618 0.991204202
1305031531.939564 -2.062123537 0.469375074 -0.292497575 -0.044237539 0.118621096 0.061206721 0.990063548
1305031531.975488 -2.071223736 0.461912692 -0.283640295 -0.057751089 0.123299457 0.067675218 0.988373458
1305031532.039675 -2.115217209 0.471069187 -0.264584720 -0.078089751 0.141784072 0.081696346 0.983425140
1305031532.075525 -2.131427765 0.477513760 -0.252484202 -0.091238625 0.149539962 0.091792628 0.980248690
1305031532.107398 -2.148380041 0.479047239 -0.239662528 -0.105935127 0.158099800 0.108349197 0.975726724
1305031532.139520 -2.160099030 0.486989915 -0.222564816 -0.115484633 0.164376378 0.127410248 0.971293151
1305031532.175563 -2.180091619 0.490651309 -0.210891247 -0.125702918 0.172031462 0.146292150 0.966024101
1305031532.207465 -2.196804523 0.494997203 -0.198036730 -0.135245651 0.177758962 0.166167721 0.960467935
1305031532.239966 -2.214477301 0.493193150 -0.183129400 -0.143123955 0.184368163 0.187796935 0.954073489
1305031532.275514 -2.231816053 0.503301799 -0.167796999 -0.148325160 0.190668121 0.201939732 0.949139416
1305031532.307481 -2.250395298 0.499418110 -0.153806120 -0.158996984 0.198816583 0.220694169 0.941533864
1305031532.339777 -2.273700953 0.496024072 -0.144901186 -0.168689474 0.202226073 0.238262504 0.934815228
1305031532.375496 -2.278902292 0.488947153 -0.124668151 -0.182134926 0.195956513 0.257470876 0.928513169
1305031532.407448 -2.282696724 0.490884095 -0.102654278 -0.187340900 0.188287139 0.269508868 0.925643742
1305031532.439533 -2.308248520 0.505776882 -0.090933353 -0.171536535 0.188723803 0.265919566 0.929647982
1305031532.475428 -2.300795078 0.494751632 -0.062099725 -0.159297302 0.186656833 0.267733514 0.931720078
1305031532.507415 -2.307830572 0.484211504 -0.046090633 -0.147530183 0.187860847 0.269494087 0.932907283
1305031532.539458 -2.326193810 0.475019097 -0.031843692 -0.131418303 0.190481395 0.268012106 0.935208857
1305031532.575435 -2.342320681 0.466308832 -0.019426614 -0.116144232 0.193841502 0.267206222 0.936769366
1305031532.607434 -2.357271194 0.459939182 -0.004939318 -0.110443160 0.199894220 0.266708761 0.936328471
1305031532.639592 -2.362713814 0.463786781 0.014232159 -0.104967043 0.210116163 0.265690893 0.935008764
1305031532.707308 -2.384426355 0.431488097 0.038311660 -0.113535076 0.241900653 0.282376081 0.921334684
1305031532.740052 -2.391607523 0.421186775 0.051294744 -0.123773068 0.251815647 0.292505592 0.914171517
1305031532.775761 -2.388886929 0.420151353 0.068441570 -0.126155853 0.258342177 0.302123755 0.908881307
1305031532.807429 -2.381374836 0.421540022 0.084775865 -0.122870050 0.263710201 0.303797960 0.907230198
1305031532.839717 -2.388402224 0.419912338 0.097379863 -0.118874036 0.277762949 0.304912865 0.903185964
1305031532.875476 -2.389029264 0.414094567 0.109454572 -0.116655223 0.292986274 0.310895085 0.896601856
1305031532.907577 -2.389998674 0.401673228 0.118775189 -0.117160745 0.306066096 0.322350562 0.888080537
1305031532.939523 -2.382696390 0.394661516 0.131401062 -0.113046743 0.313486010 0.338202178 0.880094469
1305031532.975424 -2.378305197 0.389334053 0.143141866 -0.104232967 0.321041644 0.349988401 0.873828292
1305031533.007402 -2.371525764 0.386177093 0.153485656 -0.095954724 0.328058869 0.361657560 0.867394865
1305031533.039505 -2.370197773 0.380663574 0.162566841 -0.086718708 0.337920725 0.370885760 0.860658586
1305031533.075500 -2.376106501 0.374768019 0.170378983 -0.084836401 0.349934101 0.377004832 0.853355885
1305031533.107480 -2.371935368 0.369881332 0.179434299 -0.084928334 0.360624820 0.389875948 0.843050241
1305031533.139514 -2.359938383 0.362759233 0.183104932 -0.078601718 0.369679451 0.399458438 0.835219681
1305031533.175459 -2.363107920 0.350516945 0.185209334 -0.073317692 0.381590575 0.401451826 0.829366982
1305031533.207507 -2.369002342 0.342433214 0.186741829 -0.075190894 0.391228229 0.402604133 0.824133933
1305031533.239511 -2.362873077 0.335849047 0.184551239 -0.073746070 0.398271680 0.407329321 0.818549931
1305031533.275405 -2.365004063 0.318970084 0.180249274 -0.070348486 0.407816142 0.408707172 0.813446701
1305031533.307502 -2.366288662 0.305606365 0.174596190 -0.067950375 0.412761688 0.410718232 0.810136437
1305031533.339522 -2.366951227 0.292151988 0.165645659 -0.061165720 0.419828117 0.411069542 0.806861162
1305031533.375654 -2.374997616 0.277769685 0.161678731 -0.051310588 0.430004865 0.410663754 0.802382886
1305031533.407483 -2.383186817 0.251891971 0.158739984 -0.045922801 0.436267883 0.413054138 0.798090041
1305031533.439774 -2.391422510 0.238773406 0.154440045 -0.037009735 0.437042505 0.414711177 0.797269583
1305031533.475654 -2.401866198 0.234534919 0.152628362 -0.023498690 0.440438569 0.413356394 0.796616733
1305031533.507463 -2.405338287 0.229064584 0.143949270 -0.013725662 0.438834101 0.419609278 0.794458508
1305031533.539640 -2.414524078 0.208387971 0.145762801 -0.008005068 0.446617752 0.422787309 0.788491845
1305031533.575643 -2.427276850 0.206302822 0.142955065 0.004358340 0.452195734 0.421286970 0.786140740
1305031533.607639 -2.435503244 0.200556993 0.140351415 0.009181812 0.461152285 0.422946632 0.779981017
1305031533.639561 -2.444719791 0.190401375 0.142367244 0.012802919 0.471423000 0.427210867 0.771418989
1305031533.675446 -2.455638647 0.194337070 0.149514854 0.016548861 0.479571313 0.428399146 0.765644610
1305031533.707501 -2.454176903 0.193581104 0.141486287 0.014346338 0.483965784 0.434704334 0.759344101
1305031533.739555 -2.455384254 0.187164903 0.140680075 0.010714480 0.495868832 0.437221020 0.750224710
1305031533.775530 -2.471550941 0.179493666 0.154124081 0.010358228 0.511728466 0.436677516 0.739823937
1305031533.807707 -2.474073410 0.152730644 0.168108165 0.002741268 0.521646500 0.445468485 0.727623045
1305031533.839329 -2.480755568 0.113308012 0.192754388 0.003763590 0.527641296 0.448429793 0.721450806
1305031533.875471 -2.497934341 0.089984715 0.221463859 0.013919815 0.518991947 0.446576327 0.728713393
1305031533.907441 -2.500237942 0.066692054 0.227886260 0.023220871 0.496700913 0.449122161 0.742319524
1305031533.939530 -2.509688377 0.064383388 0.240381122 0.040296096 0.474045813 0.441403598 0.760802031
1305031533.975439 -2.509330750 0.058342576 0.255920172 0.054085616 0.448013246 0.437542439 0.777763128
1305031534.007323 -2.511662245 0.033203989 0.249064922 0.061476886 0.422287673 0.429622382 0.795812964
1305031534.039458 -2.512508392 0.035439253 0.267854452 0.080895953 0.406361908 0.412333727 0.811361015
1305031534.075484 -2.511057377 0.031845838 0.275150061 0.094143093 0.391129434 0.402005196 0.822524548
1305031534.107442 -2.504096270 0.005156010 0.261704326 0.106136553 0.375059634 0.397896409 0.830508173
1305031534.139529 -2.495150566 0.004484035 0.273906946 0.123143479 0.373738855 0.379693866 0.837249994
1305031534.175381 -2.495640755 0.007908702 0.280367732 0.136946082 0.376327068 0.368340850 0.839016497
1305031534.207436 -2.499403715 -0.016194504 0.286268950 0.144829959 0.380126595 0.357858658 0.840514898
1305031534.239529 -2.528790951 -0.016859151 0.295689344 0.156465918 0.386441648 0.342494875 0.841949284
1305031534.275475 -2.540400505 -0.044106256 0.300571203 0.155474961 0.384697199 0.340928555 0.843565822
1305031534.307945 -2.530365229 -0.045231227 0.307004929 0.160423473 0.378998309 0.337403417 0.846630692
1305031534.339859 -2.522257805 -0.048137251 0.312046170 0.165417910 0.379190087 0.332238257 0.847625792
1305031534.375478 -2.511899471 -0.051017851 0.316513658 0.171549052 0.380058706 0.324093491 0.849170029
1305031534.407595 -2.503277779 -0.059132069 0.315110445 0.175700411 0.384185404 0.319531620 0.848192453
1305031534.439543 -2.500597954 -0.069222242 0.317749977 0.182333127 0.388800204 0.312734455 0.847222626
1305031534.475605 -2.505332232 -0.085439309 0.316952586 0.192291990 0.390593708 0.306073934 0.846628070
1305031534.507525 -2.514790058 -0.079732686 0.325726271 0.200017273 0.389876664 0.299373418 0.847564042
1305031534.539582 -2.503952980 -0.090252027 0.323410153 0.202226013 0.382469803 0.301274359 0.849738359
1305031534.575414 -2.501085997 -0.091837794 0.325730801 0.211245552 0.375884801 0.296076953 0.852305293
1305031534.607494 -2.504147530 -0.091390103 0.330664635 0.217152432 0.370593101 0.290760428 0.854964316
1305031534.639696 -2.501111031 -0.090662062 0.336981773 0.219272003 0.360703826 0.287530601 0.859731793
1305031534.675511 -2.497598648 -0.088333905 0.339650512 0.219640538 0.352049172 0.285894454 0.863761425
1305031534.707481 -2.486612320 -0.086057574 0.342721224 0.221704572 0.345097005 0.285981238 0.866008043
1305031534.739665 -2.483476162 -0.086177617 0.348531604 0.223921597 0.341917723 0.282203078 0.867935956
1305031534.775491 -2.480073452 -0.080783069 0.347291231 0.222879186 0.338389307 0.276804596 0.871318996
1305031534.807516 -2.474397898 -0.083009452 0.349530578 0.223797813 0.333994299 0.275355756 0.873236239
1305031534.839569 -2.474401712 -0.084186196 0.348469138 0.226337790 0.328800589 0.272920936 0.875314534
1305031534.875499 -2.467207909 -0.085517466 0.344743609 0.230342403 0.321704447 0.267605215 0.878542006
1305031534.907458 -2.459717989 -0.065036297 0.361091018 0.237935558 0.318662435 0.252393007 0.882121682
1305031534.939556 -2.440255880 -0.063826740 0.346998751 0.233959600 0.321370393 0.247380435 0.883621514
1305031534.975464 -2.447441101 -0.078497469 0.344479561 0.234820217 0.334527612 0.242535785 0.879844964
1305031535.007643 -2.467041492 -0.081243306 0.339033246 0.239674419 0.340858012 0.232450351 0.878828108
1305031535.039655 -2.480182171 -0.079539567 0.351687729 0.245333001 0.338833988 0.224794790 0.880040050
1305031535.075490 -2.483061075 -0.063763261 0.348240972 0.247151315 0.330626667 0.221227333 0.883550048
1305031535.107796 -2.474660873 -0.068580657 0.343850672 0.246634811 0.325435013 0.226265118 0.884345770
1305031535.139465 -2.490774870 -0.067941844 0.345583379 0.248560384 0.322108895 0.227960974 0.884588838
1305031535.175406 -2.496615887 -0.073691517 0.339315116 0.245762393 0.311225504 0.230716005 0.888543546
1305031535.207514 -2.503374577 -0.062393844 0.364640892 0.248312995 0.301163197 0.228537694 0.891858637
1305031535.239511 -2.501311541 -0.067618012 0.349422336 0.243094519 0.286129326 0.230019316 0.897845268
1305031535.275537 -2.513642073 -0.079298228 0.340038240 0.239341527 0.275331169 0.230335087 0.902138650
1305031535.307409 -2.504529238 -0.069026291 0.336633146 0.239404768 0.263336152 0.227249950 0.906475008
1305031535.339468 -2.506286144 -0.074687153 0.330120802 0.236446530 0.254340798 0.225787431 0.910177886
1305031535.375492 -2.503481150 -0.073574871 0.333130121 0.235420823 0.242934421 0.220547974 0.914832473
1305031535.407712 -2.515635490 -0.078970522 0.322497785 0.232304662 0.235903651 0.215838462 0.918584645
1305031535.439618 -2.504930973 -0.082348764 0.322236955 0.233330607 0.225748241 0.209951013 0.922233760
1305031535.475595 -2.512176991 -0.089983255 0.326878190 0.235408455 0.221152201 0.198639557 0.925319850
1305031535.507701 -2.515714884 -0.093660325 0.324881554 0.239053741 0.215206563 0.187720373 0.928062737
1305031535.539515 -2.507976294 -0.092523158 0.321539819 0.244163305 0.209145114 0.176542372 0.930309296
1305031535.575567 -2.509467363 -0.060831934 0.326924920 0.253712535 0.207131043 0.165419862 0.930248857
1305031535.607524 -2.519376755 -0.056578875 0.328203619 0.249844864 0.210587889 0.160215035 0.931429803
1305031535.639591 -2.518439770 -0.071456105 0.318835795 0.244977564 0.211861908 0.159545690 0.932547987
1305031535.675500 -2.535117149 -0.039972544 0.329006076 0.248814628 0.214074373 0.154344872 0.931901872
1305031535.707524 -2.523867130 -0.019774348 0.336551547 0.244885474 0.211039990 0.155314609 0.933472335
1305031535.739708 -2.516894817 -0.026812464 0.328624010 0.235431775 0.209555179 0.160117462 0.935425520
1305031535.775437 -2.517965078 -0.013442636 0.334048867 0.230236650 0.211410448 0.159822270 0.936351180
1305031535.807496 -2.511108160 -0.016518384 0.330706298 0.219808772 0.213661730 0.166873351 0.937115848
1305031535.840053 -2.507258415 -0.015063286 0.329474866 0.215961263 0.214665398 0.173982412 0.936487913
1305031535.875502 -2.504287958 0.005492806 0.329889476 0.213466674 0.214191943 0.179816872 0.936066031
1305031535.907487 -2.491032362 0.007061958 0.322212517 0.207344770 0.215200976 0.184659779 0.936267853
1305031535.939747 -2.480369806 0.028426379 0.323270738 0.205091938 0.220462546 0.189515367 0.934568107
1305031535.975512 -2.493045807 0.037970781 0.329366982 0.197636798 0.233079121 0.195820987 0.931809008
1305031536.007462 -2.472356558 0.050691456 0.319561601 0.185213938 0.234348595 0.205014035 0.932065308
1305031536.039667 -2.466676712 0.059028000 0.318443835 0.173672050 0.241619766 0.214555442 0.930281579
1305031536.075538 -2.461647749 0.064080477 0.313406646 0.161267191 0.248373643 0.226664364 0.927861333
1305031536.107579 -2.462219000 0.082632899 0.313275814 0.149441674 0.257117718 0.235009387 0.925380051
1305031536.139540 -2.450276852 0.090398625 0.309274495 0.136912614 0.265801996 0.247546464 0.921588302
1305031536.175699 -2.447537422 0.095094316 0.300962448 0.124875039 0.276643127 0.262261301 0.916020632
1305031536.207474 -2.445150137 0.106635511 0.289798200 0.114209279 0.287931681 0.276370257 0.909764290
1305031536.239482 -2.438325882 0.120372422 0.298914313 0.104143418 0.303168178 0.289270699 0.901978791
1305031536.275618 -2.430404663 0.130385190 0.292663097 0.095009990 0.314604819 0.308201134 0.892753601
1305031536.307472 -2.432357550 0.129819900 0.286380887 0.085060596 0.330662370 0.323514730 0.882476747
1305031536.339530 -2.431245804 0.139668569 0.279792547 0.079167210 0.343115002 0.339290440 0.872288167
1305031536.375786 -2.432821512 0.144897729 0.278647065 0.071689047 0.358103782 0.353935897 0.861017823
1305031536.407665 -2.423956633 0.153936297 0.274911642 0.068199247 0.369893670 0.369396240 0.849749327
1305031536.439546 -2.423783779 0.163316607 0.270366311 0.063446455 0.382430315 0.382128656 0.838867843
1305031536.475492 -2.428318262 0.168179631 0.263795972 0.057999760 0.392113984 0.394311398 0.829096615
1305031536.507648 -2.431045532 0.172675908 0.256499052 0.054342803 0.397937119 0.405102611 0.821331084
1305031536.539583 -2.436062098 0.174518913 0.250651360 0.052434828 0.400332838 0.414837688 0.815410256
1305031536.575660 -2.438733578 0.176429927 0.246305287 0.048801139 0.398919821 0.423535556 0.811849117
1305031536.607624 -2.435913563 0.185557246 0.247036397 0.049063127 0.399297744 0.430662125 0.807888806
1305031536.639838 -2.439788580 0.190388918 0.239967525 0.047478173 0.399245083 0.439415812 0.803282619
1305031536.675456 -2.443058014 0.194385231 0.237935185 0.043864824 0.395073771 0.446427792 0.801682472
1305031536.707472 -2.445784807 0.205404907 0.238653004 0.042421147 0.392939568 0.447105706 0.802430928
1305031536.739722 -2.448345661 0.220939577 0.238407969 0.040854014 0.394958496 0.445743084 0.802279174
1305031536.775321 -2.448400974 0.227310389 0.230236590 0.037862107 0.396987140 0.444302350 0.802223861
1305031536.807301 -2.453822613 0.232890785 0.221053600 0.036021780 0.395447314 0.439634025 0.805633724
1305031536.839527 -2.457426310 0.244402856 0.218480825 0.033505272 0.393550038 0.435963452 0.808660388
1305031536.875419 -2.461352110 0.254185975 0.213640332 0.031441160 0.392685980 0.431991369 0.811290681
1305031536.907491 -2.459146023 0.267253637 0.204311728 0.029694157 0.391524643 0.422880024 0.816700161
1305031536.939530 -2.460091114 0.282070607 0.190917730 0.028734433 0.394436985 0.413668603 0.820043921
1305031536.975375 -2.460916758 0.285252303 0.177010536 0.027299749 0.397721827 0.411096454 0.819799840
1305031537.007412 -2.467706680 0.298684537 0.169271588 0.028707897 0.401640952 0.400490195 0.823084474
1305031537.039427 -2.465792418 0.312332362 0.151832223 0.027964354 0.401745915 0.395350546 0.825539947
1305031537.075341 -2.470765114 0.321300894 0.138973594 0.027277607 0.403236479 0.391041696 0.826887310
1305031537.107337 -2.464463711 0.336274773 0.123736382 0.025748134 0.401153356 0.384556770 0.830980778
1305031537.140656 -2.462431908 0.346135080 0.106409907 0.023642818 0.403638393 0.377597064 0.833029151
1305031537.175377 -2.461593151 0.352721512 0.083497643 0.021553483 0.403679252 0.370651901 0.836179197
1305031537.207445 -2.457158089 0.363381594 0.066605806 0.020525560 0.401763916 0.362808347 0.840556085
1305031537.239415 -2.452974796 0.372203439 0.044933200 0.019664994 0.398284703 0.353960454 0.845987320
1305031537.275504 -2.449060440 0.382318258 0.024587393 0.018395482 0.394057333 0.345986366 0.851277769
1305031537.307646 -2.440174580 0.388882428 0.005865693 0.015856486 0.389774233 0.339138061 0.856043220
1305031537.339718 -2.436618805 0.393684208 -0.014738798 0.014043825 0.385027736 0.330133080 0.861724198
1305031537.375388 -2.430525780 0.401986033 -0.034954906 0.014126278 0.378405184 0.319007665 0.868817627
1305031537.407396 -2.428321838 0.409995854 -0.053308845 0.013915193 0.371614695 0.308553249 0.875501990
1305031537.439649 -2.424432278 0.416500479 -0.069676638 0.012940817 0.362335801 0.299942434 0.882371724
1305031537.475520 -2.416866302 0.419406980 -0.092422128 0.009805832 0.349986851 0.289311290 0.890905142
1305031537.507492 -2.413324833 0.426029414 -0.109742165 0.009176893 0.341694742 0.278784692 0.897462845
1305031537.539497 -2.405699730 0.434122682 -0.125244975 0.004798784 0.334823638 0.269931883 0.902777314
1305031537.575529 -2.393176317 0.433961749 -0.144469619 0.001076609 0.328078926 0.264283985 0.906927228
1305031537.607507 -2.386785984 0.433676779 -0.158854187 0.003110856 0.323792487 0.259816438 0.909749508
1305031537.643442 -2.379861116 0.437969327 -0.170880318 0.006707225 0.314429313 0.251990795 0.915199339
1305031537.675306 -2.363958597 0.434677333 -0.195265174 0.007559980 0.300100714 0.245943293 0.921625912
1305031537.707483 -2.349075317 0.441505015 -0.211912870 0.014510958 0.293818891 0.235105798 0.926382840
1305031537.743426 -2.337486506 0.442963988 -0.226769626 0.018102961 0.290123612 0.224457562 0.930117905
1305031537.775469 -2.322712421 0.444766283 -0.242088854 0.023732571 0.284942478 0.214125499 0.934020758
1305031537.807576 -2.312461376 0.453134328 -0.250582933 0.030333323 0.281671852 0.203731030 0.937141657
1305031537.843458 -2.299430847 0.454874039 -0.264508128 0.033852704 0.274213701 0.197031125 0.940659106
1305031537.875571 -2.279787064 0.456374258 -0.281742871 0.036640085 0.265948176 0.188222274 0.944722950
1305031537.907514 -2.263312817 0.463614583 -0.298676968 0.039427329 0.261236757 0.180307329 0.947465062
1305031537.943469 -2.248687029 0.470151573 -0.310252130 0.039769404 0.257132679 0.173360124 0.949867070
1305031537.975426 -2.225053310 0.469849944 -0.323005915 0.037362449 0.250272363 0.167872787 0.952778280
1305031538.007529 -2.207612991 0.478558928 -0.334321618 0.040704250 0.246536195 0.160645947 0.954859138
1305031538.043452 -2.191428900 0.480967939 -0.347348154 0.038282011 0.240680158 0.157718167 0.956939161
1305031538.075565 -2.168209314 0.476852804 -0.356663108 0.036393072 0.232105583 0.154865414 0.959593296
1305031538.107629 -2.147108316 0.472802669 -0.371399164 0.040837105 0.219877899 0.157520622 0.961859286
1305031538.143487 -2.127117872 0.474449515 -0.383562922 0.044204421 0.205760613 0.160136446 0.964398682
1305031538.175565 -2.099236965 0.465626746 -0.397978187 0.044614788 0.191241458 0.155772224 0.968076050
1305031538.207697 -2.074608803 0.460702032 -0.407500207 0.052617908 0.184338763 0.145452484 0.970615387
1305031538.243517 -2.059177399 0.462548971 -0.421167731 0.063772820 0.180769727 0.137205228 0.971817911
1305031538.275489 -2.043593645 0.455872208 -0.436191261 0.069923840 0.175132111 0.126815677 0.973836303
1305031538.307386 -2.029537916 0.441685617 -0.448698580 0.077268228 0.170085311 0.117005162 0.975402713
1305031538.343413 -2.007317543 0.453578621 -0.456215084 0.092988528 0.160247326 0.103698455 0.977200329
1305031538.375553 -1.988354206 0.454174101 -0.472044945 0.102386624 0.149881274 0.094913177 0.978797257
1305031538.407511 -1.966317892 0.458807170 -0.476254463 0.114186451 0.140838787 0.089135408 0.979377747
1305031538.443598 -1.950274467 0.460967094 -0.489415228 0.122705147 0.130037054 0.082882635 0.980389833
1305031538.475570 -1.932008743 0.466102153 -0.506216943 0.131049678 0.117003985 0.075145110 0.981574893
1305031538.507548 -1.915433645 0.479858577 -0.517682612 0.137662590 0.104757734 0.069930300 0.982438087
1305031538.543450 -1.894780636 0.495017380 -0.527753949 0.138940006 0.092018366 0.062978320 0.984003067
1305031538.575524 -1.884965658 0.509410083 -0.543012023 0.137071654 0.085681438 0.055087555 0.985309780
1305031538.607517 -1.873153329 0.531446457 -0.555260479 0.129663154 0.081814975 0.045415163 0.987132847
1305031538.643479 -1.837414503 0.522440672 -0.565688670 0.119400389 0.076002099 0.045287952 0.988896430
1305031538.675433 -1.833054304 0.546750188 -0.575551569 0.119165458 0.074124902 0.039489053 0.989315808
1305031538.707490 -1.829058886 0.588558972 -0.584958076 0.111553393 0.066537000 0.035017814 0.990909874
1305031538.743572 -1.805478096 0.600252509 -0.592826545 0.092393622 0.052252244 0.035833806 0.993704736
1305031538.775491 -1.772266030 0.613015413 -0.596548438 0.077066295 0.038382076 0.036440648 0.995620251
1305031538.808089 -1.738888860 0.623244464 -0.614928246 0.056909285 0.026733220 0.040669441 0.997192383
1305031538.843518 -1.708184481 0.634767473 -0.618472457 0.037011124 0.021235531 0.035732135 0.998449981
1305031538.875656 -1.685910583 0.639193833 -0.634645283 0.021566084 0.021379754 0.028399630 0.999135256
1305031538.907498 -1.663665414 0.653124034 -0.643046677 0.010440544 0.021304203 0.027230576 0.999347627
1305031538.943414 -1.639101863 0.660680890 -0.650689840 -0.003059968 0.019797631 0.028748268 0.999385893
1305031538.975507 -1.604923010 0.666466653 -0.655623794 -0.014367480 0.015707256 0.030312231 0.999313772
1305031539.007520 -1.581141829 0.674090683 -0.658167064 -0.023014564 0.015445451 0.029928174 0.999167681
1305031539.043445 -1.559080482 0.680749714 -0.673958659 -0.030858016 0.015795633 0.026892474 0.999037087
1305031539.075515 -1.533363342 0.687631965 -0.681889892 -0.037031405 0.014995312 0.023024367 0.998936296
1305031539.107503 -1.507036924 0.693602204 -0.689892232 -0.046630312 0.012918295 0.019251980 0.998643160
1305031539.143607 -1.479023933 0.700884461 -0.689863026 -0.054772235 0.009678890 0.013199106 0.998364687
1305031539.175587 -1.456042647 0.706888258 -0.695581436 -0.063999839 0.006309353 0.007877142 0.997898877
1305031539.207601 -1.423849344 0.718397439 -0.698194087 -0.075512916 -0.004640753 0.005260047 0.997120142
1305031539.243449 -1.398746967 0.719256341 -0.699512780 -0.092676014 -0.016736314 -0.001314825 0.995554805
1305031539.275652 -1.367394567 0.726958215 -0.699465334 -0.104267992 -0.029681172 -0.011041869 0.994044900
1305031539.307521 -1.340936542 0.732145488 -0.705255508 -0.119700819 -0.036198702 -0.023962418 0.991860449
1305031539.343842 -1.307363272 0.733404756 -0.692844748 -0.138121903 -0.044788118 -0.043425888 0.988448560
1305031539.375556 -1.280893326 0.734743059 -0.694385886 -0.153452158 -0.045530509 -0.065993674 0.984898090
1305031539.407846 -1.248764038 0.740123689 -0.698032618 -0.167458296 -0.047140289 -0.083469495 0.981207609
1305031539.443431 -1.238684893 0.729054868 -0.693688571 -0.191953942 -0.040493958 -0.099767789 0.975479543
1305031539.475605 -1.200396538 0.733287811 -0.692685604 -0.198203266 -0.053411126 -0.111370437 0.972347379
1305031539.507506 -1.175871730 0.729986072 -0.693536103 -0.206652746 -0.065316677 -0.117309690 0.969157815
1305031539.543459 -1.151396513 0.732042313 -0.697407782 -0.210937575 -0.075246587 -0.123962767 0.966683269
1305031539.575448 -1.125788808 0.731228888 -0.695106089 -0.211918876 -0.084439777 -0.130961210 0.964784682
1305031539.607559 -1.095164895 0.725600064 -0.696902096 -0.209990159 -0.095582910 -0.140885353 0.962766528
1305031539.643437 -1.068905592 0.723194182 -0.700316668 -0.206579834 -0.103348859 -0.156792283 0.960239589
1305031539.675458 -1.043111086 0.718855798 -0.694469512 -0.200401708 -0.110109560 -0.168715984 0.958775222
1305031539.707426 -1.020592332 0.704841018 -0.691314459 -0.196496740 -0.118145734 -0.180009350 0.956570566
1305031539.743465 -0.998434424 0.693558037 -0.690559685 -0.194211796 -0.127768382 -0.190726131 0.953719318
1305031539.775488 -0.975472510 0.687678099 -0.689404607 -0.192525029 -0.136388108 -0.201338455 0.950681448
1305031539.807653 -0.955840766 0.674007773 -0.681393862 -0.193616480 -0.147344947 -0.209089160 0.947145104
1305031539.843466 -0.930915892 0.668028474 -0.680623949 -0.191357866 -0.163390130 -0.220513225 0.942369223
1305031539.875593 -0.909995377 0.662159741 -0.672778964 -0.193588316 -0.176033810 -0.230892494 0.937136233
1305031539.907642 -0.890229821 0.653517306 -0.669845462 -0.197760150 -0.185208976 -0.241792634 0.931732178
1305031539.943541 -0.860206962 0.656591356 -0.657843411 -0.195795402 -0.196375400 -0.257977366 0.925499082
1305031539.975883 -0.833462358 0.653670430 -0.644495308 -0.190234929 -0.203191653 -0.268649071 0.922145069
1305031540.007422 -0.810083032 0.647180617 -0.638368368 -0.184801638 -0.207858965 -0.279376388 0.919016719
1305031540.043468 -0.788898528 0.644080639 -0.626190603 -0.177366808 -0.209534973 -0.286252826 0.917984426
1305031540.075632 -0.764432847 0.640887797 -0.615312040 -0.159716740 -0.213575259 -0.290130705 0.919075787
1305031540.107421 -0.744564176 0.633529842 -0.615453720 -0.145061284 -0.214801356 -0.292060673 0.920607507
1305031540.143443 -0.719594538 0.622443199 -0.604627252 -0.133036360 -0.215677023 -0.290934473 0.922573507
1305031540.175595 -0.701179206 0.607928157 -0.599445045 -0.119995356 -0.211387202 -0.285000890 0.927195251
1305031540.207411 -0.690926850 0.597985506 -0.594198227 -0.105082080 -0.203615442 -0.278845251 0.932600558
1305031540.243496 -0.684352815 0.559302628 -0.582951903 -0.103720769 -0.210277453 -0.278151333 0.931481183
1305031540.275604 -0.662714839 0.559091449 -0.582863808 -0.084961876 -0.218180954 -0.270137310 0.933918834
1305031540.307411 -0.646620929 0.537148595 -0.575846553 -0.079939060 -0.224748209 -0.260136455 0.935642600
1305031540.343456 -0.622580349 0.525443435 -0.573280513 -0.066095479 -0.228873134 -0.249924764 0.938502073
1305031540.375438 -0.603237569 0.506856501 -0.566914201 -0.058447845 -0.227224842 -0.237989828 0.942503929
1305031540.407504 -0.598478794 0.506316066 -0.571366191 -0.038887955 -0.218574837 -0.224731818 0.948793113
1305031540.443453 -0.577977777 0.498604327 -0.570301354 -0.026317703 -0.221378684 -0.209991649 0.951946676
1305031540.475476 -0.565052748 0.490762532 -0.569742143 -0.011863176 -0.218738481 -0.194438130 0.956141531
1305031540.507525 -0.548423827 0.484917492 -0.565001965 0.002115879 -0.220295966 -0.178813830 0.958900869
1305031540.543427 -0.527806759 0.475027651 -0.567044079 0.013745119 -0.216854408 -0.169739902 0.961235464
1305031540.575635 -0.511818290 0.459282339 -0.563447893 0.027137354 -0.208973080 -0.163143635 0.963835061
1305031540.607508 -0.490408242 0.461672038 -0.571286440 0.043938998 -0.197494999 -0.148654461 0.967970550
1305031540.643443 -0.465164572 0.454264104 -0.575024128 0.050777867 -0.188611940 -0.141262233 0.970511258
1305031540.675895 -0.450616539 0.444880396 -0.571976900 0.059099171 -0.174401119 -0.130618155 0.974181950
1305031540.707442 -0.432119727 0.445597321 -0.571982265 0.068366691 -0.161992297 -0.118671916 0.977241755
1305031540.743545 -0.412741899 0.442862064 -0.574235559 0.073860563 -0.146682888 -0.108362876 0.980452061
1305031540.775513 -0.394430459 0.428999245 -0.575907052 0.078373365 -0.129599214 -0.099229977 0.983470917
1305031540.807495 -0.369985491 0.433110416 -0.567067623 0.088333949 -0.109766893 -0.086890705 0.986204028
1305031540.843557 -0.356643975 0.428521872 -0.570359707 0.092315093 -0.085027859 -0.076241374 0.989158928
1305031540.875472 -0.343872964 0.428102255 -0.570217729 0.098336488 -0.063741677 -0.065438993 0.990951359
1305031540.907447 -0.329173863 0.425226867 -0.573201835 0.103146493 -0.043748569 -0.055472780 0.992154002
1305031540.943442 -0.325570554 0.424459279 -0.584031284 0.105921060 -0.021340376 -0.043818481 0.993179381
1305031540.975401 -0.325643659 0.419407368 -0.587372899 0.108244643 -0.004257308 -0.029753309 0.993669808
1305031541.007473 -0.318071127 0.417706847 -0.584245205 0.116220251 0.007951107 -0.019983627 0.992990613
1305031541.043464 -0.310674578 0.412467539 -0.585990131 0.121380560 0.020414695 -0.006908768 0.992372036
1305031541.075485 -0.317475647 0.409451038 -0.595993757 0.128736869 0.033193033 0.002967156 0.991118670
1305031541.107513 -0.311703086 0.405072808 -0.594129145 0.133041903 0.037650682 0.012937909 0.990310490
1305031541.143507 -0.298092961 0.405875862 -0.586443782 0.137475550 0.042848609 0.015528182 0.989456117
1305031541.175472 -0.307294190 0.402420312 -0.596287847 0.141667053 0.056399215 0.022199713 0.988057017
1305031541.207454 -0.308082581 0.411141753 -0.598912001 0.143920511 0.057148937 0.022023743 0.987692177
1305031541.243593 -0.310268551 0.408232599 -0.595369816 0.138529807 0.055389456 0.024550663 0.988503277
1305031541.275691 -0.312734723 0.406732678 -0.594153702 0.132847637 0.051608518 0.028351579 0.989385784
1305031541.307436 -0.313878208 0.401605308 -0.593860686 0.125388980 0.043903608 0.029583076 0.990694165
1305031541.343493 -0.311431766 0.401051044 -0.586703539 0.120242886 0.031138720 0.028112009 0.991857708
1305031541.375507 -0.312825143 0.399243653 -0.580186963 0.112745091 0.019171944 0.027085109 0.993069708
1305031541.407707 -0.313146919 0.395330131 -0.575622737 0.103964008 0.007561413 0.019531885 0.994360507
1305031541.443699 -0.317561060 0.389810681 -0.573904991 0.097533099 -0.003614146 0.012266456 0.995150149
1305031541.475389 -0.319137782 0.395512372 -0.571942747 0.095018364 -0.016346145 -0.000084064 0.995341301
1305031541.507656 -0.321302772 0.393087298 -0.563730955 0.086923607 -0.030840848 -0.014218588 0.995635927
1305031541.543489 -0.322691619 0.392102808 -0.561536789 0.080891885 -0.043428339 -0.027664460 0.995391965
1305031541.575608 -0.326826334 0.390417099 -0.553811491 0.073844396 -0.055530407 -0.041790418 0.994845212
1305031541.607431 -0.332825363 0.386362135 -0.552206099 0.067073345 -0.069541939 -0.059357602 0.993550122
1305031541.643543 -0.340609491 0.391470283 -0.541111112 0.064985633 -0.084692441 -0.073435262 0.991570115
1305031541.675424 -0.358205616 0.405629277 -0.526455998 0.064763166 -0.097557507 -0.092711315 0.988783538
1305031541.707418 -0.355739415 0.393573493 -0.524228215 0.056646287 -0.114258900 -0.115173377 0.985124946
1305031541.743439 -0.361725688 0.400114536 -0.522651732 0.054605901 -0.127900824 -0.141867608 0.980067968
1305031541.775415 -0.357438207 0.388910413 -0.523462713 0.046774734 -0.143610299 -0.178655520 0.972250164
1305031541.807470 -0.345806479 0.380701512 -0.524735808 0.038978949 -0.154265851 -0.213055253 0.963996947
1305031541.843441 -0.358596861 0.380896449 -0.521784008 0.031568363 -0.160806447 -0.242965087 0.956092417
1305031541.875438 -0.376374096 0.383360505 -0.518593788 0.029850869 -0.171944469 -0.265342891 0.948228478
1305031541.907570 -0.388419956 0.397441715 -0.509868145 0.029822823 -0.188049152 -0.278154254 0.941476643
1305031541.943524 -0.388765484 0.377878129 -0.516218483 0.017246038 -0.210435972 -0.290632159 0.933248162
1305031541.975524 -0.395734578 0.375668526 -0.512354255 0.012817790 -0.230750337 -0.294157863 0.927394807
1305031542.007694 -0.407241791 0.377716243 -0.512118578 0.008549622 -0.251832098 -0.298041821 0.920694590
1305031542.043489 -0.400984019 0.371854544 -0.508470178 0.004662037 -0.276025087 -0.302413434 0.912323654
1305031542.075555 -0.395872831 0.358949035 -0.500632882 0.001552074 -0.291582018 -0.314453721 0.903380513
1305031542.107416 -0.396808743 0.365722388 -0.486967117 0.002366312 -0.300016344 -0.324333847 0.897102058
1305031542.143525 -0.399044991 0.362523228 -0.479079098 -0.001386879 -0.305872768 -0.334970891 0.891198277
1305031542.175524 -0.411976784 0.375037730 -0.477645099 0.000445882 -0.307711750 -0.339472502 0.888859749
1305031542.207368 -0.409389138 0.376878560 -0.468019426 -0.006157489 -0.320801497 -0.340123087 0.883948386
1305031542.244091 -0.413836986 0.364160031 -0.460480720 -0.016851291 -0.333249331 -0.344197571 0.877604067
1305031542.275425 -0.403457314 0.359353662 -0.446840167 -0.021031341 -0.344165504 -0.346606135 0.872337043
1305031542.307528 -0.398363411 0.355139464 -0.434931874 -0.026691036 -0.344635248 -0.354370534 0.868870318
1305031542.343479 -0.399805129 0.349156946 -0.421570569 -0.030086793 -0.340677023 -0.361976951 0.867183149
1305031542.375553 -0.401065946 0.351760924 -0.413846642 -0.031529382 -0.336093307 -0.363381416 0.868332386
1305031542.407482 -0.400021195 0.347948909 -0.403862387 -0.038995225 -0.335361868 -0.362215459 0.868799031
1305031542.443447 -0.401687622 0.340032637 -0.389047503 -0.045730188 -0.335820407 -0.360984236 0.868805945
1305031542.475446 -0.398785651 0.333403796 -0.378770202 -0.049215518 -0.337942034 -0.354182333 0.870590568
1305031542.507447 -0.391294032 0.327818871 -0.364659280 -0.052775603 -0.342324048 -0.347256392 0.871459663
1305031542.543425 -0.385923862 0.313341767 -0.349147141 -0.058703404 -0.344824940 -0.341899216 0.872212470
1305031542.575428 -0.382225424 0.300424099 -0.335046828 -0.059738249 -0.346481174 -0.336159915 0.873715401
1305031542.607410 -0.371393263 0.298915565 -0.325613141 -0.057813324 -0.348131657 -0.327784836 0.876366973
1305031542.643424 -0.367173254 0.284113944 -0.307478219 -0.063270047 -0.351052552 -0.321332812 0.877213895
1305031542.675341 -0.360566288 0.275666714 -0.295590341 -0.061423566 -0.352373719 -0.317188293 0.878323138
1305031542.707362 -0.349472553 0.263401657 -0.281756997 -0.061509650 -0.354835391 -0.315219790 0.878034651
1305031542.743855 -0.340133280 0.255179882 -0.263613701 -0.063019775 -0.354799211 -0.314369738 0.878246903
1305031542.775624 -0.339223504 0.245802000 -0.252584398 -0.063854367 -0.351707458 -0.315341145 0.879081607
1305031542.807676 -0.332612067 0.240600169 -0.241738290 -0.062492799 -0.354287297 -0.316392481 0.877764761
1305031542.843453 -0.321815729 0.229629204 -0.220291942 -0.067536563 -0.356791168 -0.316218853 0.876438558
1305031542.875473 -0.320193470 0.223271519 -0.205652669 -0.069864161 -0.352639735 -0.317473680 0.877481997
1305031542.907374 -0.313878715 0.218683317 -0.190324381 -0.071659200 -0.351508886 -0.318409145 0.877452016
1305031542.943449 -0.313657850 0.204629034 -0.171368212 -0.078849286 -0.352242112 -0.320515662 0.875772774
1305031542.975416 -0.310345292 0.201557025 -0.158679783 -0.079733141 -0.355323046 -0.319390029 0.874858916
1305031543.007462 -0.304811329 0.190753162 -0.138484508 -0.087189592 -0.360524058 -0.317414284 0.872736216
1305031543.043546 -0.303798020 0.179584712 -0.120560162 -0.093233995 -0.364853173 -0.315577179 0.870976806
1305031543.075465 -0.294232160 0.176178142 -0.103468619 -0.095657945 -0.370072722 -0.313471586 0.869270563
1305031543.107471 -0.289910913 0.169005230 -0.084384114 -0.101132534 -0.372499794 -0.314968228 0.867070436
1305031543.143424 -0.283171058 0.158170879 -0.063555017 -0.107343920 -0.373509020 -0.315281004 0.865774930
1305031543.175587 -0.283666849 0.148095936 -0.045691147 -0.113334887 -0.373109013 -0.314787179 0.865363419
1305031543.207464 -0.280416608 0.139963359 -0.032830745 -0.117687717 -0.373863906 -0.308266789 0.866802752
1305031543.243490 -0.276122242 0.130743057 -0.015685007 -0.124264434 -0.375842661 -0.298669457 0.868387699
1305031543.275504 -0.275636256 0.118743435 -0.001706734 -0.127255231 -0.377533883 -0.292710066 0.869249761
1305031543.307391 -0.271655262 0.114994764 0.007084981 -0.121506482 -0.379716724 -0.285530806 0.871506453
1305031543.343502 -0.266855747 0.107408881 0.018204823 -0.121548861 -0.383261561 -0.279285818 0.871972382
1305031543.375520 -0.264628768 0.099300660 0.025435507 -0.117707372 -0.386765510 -0.276062489 0.871978700
1305031543.407575 -0.263692379 0.096979700 0.021169864 -0.107662171 -0.388966799 -0.277717024 0.871772289
1305031543.443593 -0.261532903 0.092357375 0.023312010 -0.102222711 -0.392773181 -0.275913835 0.871292889
1305031543.475420 -0.262637079 0.088293605 0.020704575 -0.098620236 -0.394542724 -0.274911612 0.871225417
1305031543.507652 -0.265802592 0.086536273 0.012617603 -0.092402294 -0.398127556 -0.278037578 0.869282126
1305031543.543433 -0.265237570 0.084493883 0.006794482 -0.085568152 -0.405014724 -0.280480444 0.866009176
1305031543.575393 -0.268630624 0.081344880 -0.001323670 -0.083054863 -0.407009333 -0.282454878 0.864675999
1305031543.607524 -0.269867331 0.085203283 -0.016362965 -0.074795283 -0.412464231 -0.287646919 0.861126125
1305031543.643400 -0.273160517 0.079395682 -0.025740042 -0.078397259 -0.420586199 -0.293962270 0.854720592
1305031543.675460 -0.280618101 0.068346381 -0.035422914 -0.080764323 -0.422662467 -0.296160281 0.852714896
1305031543.707478 -0.283324748 0.069379427 -0.052001990 -0.074833184 -0.425239325 -0.296429843 0.851880789
1305031543.743399 -0.285813838 0.065984711 -0.067238614 -0.074337304 -0.427943230 -0.297700405 0.850125313
1305031543.775642 -0.294271737 0.056907378 -0.082785785 -0.075868391 -0.429968715 -0.293792635 0.850327432
1305031543.807514 -0.293316007 0.055449072 -0.105004236 -0.074803002 -0.433419228 -0.289115638 0.850273192
1305031543.843406 -0.294779062 0.053716429 -0.125270456 -0.080158234 -0.435213268 -0.286025822 0.849913716
1305031543.875410 -0.297088385 0.049787428 -0.142587990 -0.085385263 -0.435688049 -0.281574696 0.850647390
1305031543.907459 -0.296911716 0.046007365 -0.161502168 -0.091602750 -0.433219314 -0.276072979 0.853061318
1305031543.943413 -0.298992068 0.039850306 -0.183288693 -0.094985850 -0.428796560 -0.273944199 0.855608404
1305031543.975473 -0.299497306 0.031144835 -0.201786354 -0.096737504 -0.423399925 -0.271607876 0.858838499
1305031544.007491 -0.302031100 0.022575341 -0.217252016 -0.096722849 -0.414224982 -0.268289506 0.864339709
1305031544.043491 -0.301288366 0.025606416 -0.246222183 -0.086875856 -0.400283366 -0.266524345 0.872462392
1305031544.075509 -0.299486369 0.024110727 -0.270462662 -0.083888464 -0.384708017 -0.264302373 0.880401433
1305031544.107376 -0.314530253 0.013486132 -0.299826592 -0.083556764 -0.366350561 -0.261034191 0.889194429
1305031544.143795 -0.320939124 0.013676417 -0.331894875 -0.075476654 -0.356074721 -0.255102903 0.895788252
1305031544.175829 -0.321665347 0.018427335 -0.354538500 -0.070085235 -0.348738760 -0.250548959 0.900385797
1305031544.207354 -0.329128653 0.018375488 -0.378328413 -0.062869407 -0.336939663 -0.246341303 0.906551182
1305031544.243427 -0.333904713 0.029066160 -0.408069253 -0.053808458 -0.323026001 -0.244676128 0.912629366
1305031544.275540 -0.341011971 0.036384758 -0.426445454 -0.046594817 -0.310759008 -0.244472086 0.917328298
1305031544.307370 -0.353405148 0.046606451 -0.455715537 -0.037349559 -0.295398235 -0.246867895 0.922171950
1305031544.343409 -0.364510775 0.061583500 -0.483073294 -0.029339192 -0.282906145 -0.248194590 0.926014423
1305031544.375459 -0.363105834 0.095791779 -0.509287715 -0.021133443 -0.272442788 -0.248961031 0.929164529
1305031544.407333 -0.384653300 0.099304512 -0.533278346 -0.033123963 -0.255435288 -0.254154265 0.932234526
1305031544.443375 -0.409255981 0.108986415 -0.555833817 -0.039053999 -0.243678123 -0.256471425 0.934514940
1305031544.475427 -0.424446225 0.127810985 -0.577707946 -0.043201491 -0.237571776 -0.256545216 0.935883462
1305031544.507367 -0.451716840 0.136851132 -0.601046085 -0.050002389 -0.232615858 -0.261446983 0.935433090
1305031544.543416 -0.471161157 0.148863539 -0.618242979 -0.053328816 -0.232897118 -0.266738027 0.933683991
1305031544.575497 -0.491189957 0.159670115 -0.631174326 -0.055432111 -0.234964833 -0.269839287 0.932151020
1305031544.607409 -0.489571393 0.179916963 -0.636675477 -0.057821307 -0.241995081 -0.268617868 0.930558741
1305031544.643444 -0.513129532 0.204821944 -0.648899078 -0.065712102 -0.240367234 -0.271026045 0.929758251
1305031544.675586 -0.530110478 0.200569093 -0.654759288 -0.075333945 -0.245862678 -0.274040461 0.926702857
1305031544.707411 -0.543369055 0.215948105 -0.655383348 -0.079025880 -0.252608299 -0.275081664 0.924269497
1305031544.743438 -0.558484077 0.216181844 -0.653503180 -0.085884936 -0.258375734 -0.276254296 0.921710014
1305031544.775418 -0.573075414 0.225261346 -0.658324897 -0.081805155 -0.259503990 -0.278711200 0.921024263
1305031544.807397 -0.588536084 0.237280294 -0.662709355 -0.077884443 -0.259167552 -0.279159665 0.921323001
1305031544.843491 -0.596746325 0.266276240 -0.667948604 -0.072692007 -0.259401619 -0.279435277 0.921597838
1305031544.875360 -0.614663780 0.268979043 -0.669182956 -0.080907814 -0.258797050 -0.283463478 0.919851303
1305031544.907423 -0.629424393 0.275973052 -0.666077256 -0.082566306 -0.256778061 -0.288485587 0.918707728
1305031544.943434 -0.641885400 0.283559054 -0.666463971 -0.084066726 -0.251907438 -0.294872075 0.917892098
1305031544.975537 -0.667894542 0.295735896 -0.673761904 -0.086365275 -0.242704004 -0.302005500 0.917839050
1305031545.007393 -0.685151041 0.295843035 -0.669690013 -0.091767862 -0.242251709 -0.300867260 0.917808056
1305031545.043477 -0.701370180 0.293235540 -0.667351723 -0.094356485 -0.239156306 -0.299275041 0.918877304
1305031545.075369 -0.721820891 0.294149786 -0.667631745 -0.091805331 -0.232486710 -0.295728296 0.921990514
1305031545.107399 -0.733294725 0.306605995 -0.666381955 -0.087164320 -0.227632552 -0.287774831 0.926159501
1305031545.144171 -0.743282080 0.305954546 -0.662967086 -0.088690281 -0.222068429 -0.276757121 0.930712163
1305031545.175406 -0.757348418 0.309834272 -0.663683534 -0.088767454 -0.211968601 -0.265523612 0.936315596
1305031545.207577 -0.772681296 0.307766914 -0.659439564 -0.091531038 -0.202517450 -0.253699124 0.941406131
1305031545.243483 -0.794080257 0.300301045 -0.654571295 -0.091412663 -0.193750754 -0.241485909 0.946461260
1305031545.275369 -0.807255864 0.315720588 -0.657776475 -0.080984846 -0.186631709 -0.228643239 0.952014863
1305031545.307451 -0.820448816 0.320716560 -0.656636775 -0.079786204 -0.181292355 -0.219042942 0.955399096
1305031545.343494 -0.834109128 0.318025231 -0.651908159 -0.080491953 -0.175317630 -0.209110036 0.958674967
1305031545.375545 -0.849639833 0.312936127 -0.646636486 -0.079588719 -0.168586120 -0.195829362 0.962753952
1305031545.407452 -0.870828927 0.318193972 -0.646920562 -0.071699798 -0.162066534 -0.185084835 0.966611147
1305031545.444180 -0.885924578 0.319037855 -0.644562125 -0.064920492 -0.159603834 -0.175506964 0.969282866
1305031545.475423 -0.904241920 0.303650200 -0.639321327 -0.059354801 -0.157424867 -0.165847510 0.971693873
1305031545.507394 -0.914054275 0.317291468 -0.643371582 -0.037888546 -0.158395767 -0.157559857 0.973986745
1305031545.543418 -0.926742375 0.313865274 -0.640568137 -0.028560171 -0.160349265 -0.147844970 0.975507200
1305031545.578078 -0.943092942 0.310433298 -0.639615238 -0.015659524 -0.165980697 -0.148547888 0.974750578
1305031545.607417 -0.957322657 0.310967654 -0.635969818 -0.007529726 -0.172467962 -0.146866977 0.973975420
1305031545.643463 -0.966641843 0.315154046 -0.630850375 0.004469831 -0.178601280 -0.145596698 0.973079264
1305031545.675289 -0.976128459 0.311747819 -0.625667036 0.017758936 -0.182747602 -0.147725627 0.971835911
1305031545.707398 -0.982616305 0.329962164 -0.623341441 0.037531972 -0.185570821 -0.150326684 0.970338464
1305031545.743570 -0.990080595 0.356250286 -0.622687042 0.046514235 -0.184604853 -0.149573728 0.970250070
1305031545.775452 -1.004072785 0.365640402 -0.620935917 0.046770081 -0.185534373 -0.152369976 0.969625175
1305031545.807404 -1.012734771 0.377271861 -0.616999626 0.045307890 -0.187413394 -0.155483007 0.968838751
1305031545.843376 -1.010020733 0.392673045 -0.602957726 0.041602392 -0.190191954 -0.154856980 0.968563676
1305031545.875537 -1.015394926 0.399204403 -0.598278284 0.030357825 -0.183604747 -0.157442719 0.969834745
1305031545.907389 -1.025133729 0.411672384 -0.592168212 0.023797464 -0.176196694 -0.160924241 0.970820189
1305031545.943457 -1.024523497 0.429675162 -0.583684921 0.013872472 -0.172232062 -0.161798134 0.971578658
1305031545.975621 -1.036808729 0.438166857 -0.579858303 0.000848126 -0.162201390 -0.165567294 0.972767949
1305031546.007516 -1.039882898 0.458578378 -0.581633329 -0.008232150 -0.155849144 -0.165627748 0.973761141
1305031546.043769 -1.035146952 0.465529650 -0.574383080 -0.026621114 -0.151092038 -0.165726930 0.974164844
1305031546.075414 -1.034294844 0.477654874 -0.566706657 -0.040916633 -0.138548613 -0.165328667 0.975600600
1305031546.107395 -1.030468702 0.488974422 -0.560433745 -0.051065933 -0.129038781 -0.164491847 0.976567328
1305031546.143502 -1.026274681 0.502694547 -0.556085348 -0.059289087 -0.117826484 -0.159646094 0.978322446
1305031546.175952 -1.030245304 0.515594244 -0.554598808 -0.066843405 -0.105181746 -0.156659320 0.979758441
1305031546.207500 -1.023124576 0.522384763 -0.547969699 -0.077940904 -0.097378850 -0.151513204 0.980554104
1305031546.243551 -1.012455106 0.521494031 -0.541086435 -0.087041475 -0.088898905 -0.140163317 0.982280493
1305031546.276098 -1.011486769 0.537769914 -0.539222836 -0.085533768 -0.077115044 -0.134190321 0.984240949
1305031546.308110 -1.003255844 0.549218476 -0.535821557 -0.092930660 -0.067675084 -0.123662978 0.985642672
1305031546.343919 -1.007936001 0.558081746 -0.531637788 -0.095267743 -0.054350734 -0.115075968 0.987282932
1305031546.376056 -1.007220745 0.567843199 -0.528534770 -0.095797174 -0.047744572 -0.106170915 0.988570213
1305031546.407659 -1.000886083 0.580476820 -0.522866964 -0.096371204 -0.044454496 -0.097255006 0.989584684
1305031546.443968 -1.001916051 0.587799668 -0.517074466 -0.096161842 -0.039960038 -0.090162039 0.990468025
1305031546.475996 -0.989936411 0.607636571 -0.513107359 -0.095146611 -0.040643629 -0.083807275 0.991096139
1305031546.507967 -0.989401996 0.611137509 -0.505769014 -0.100348577 -0.035702731 -0.079666853 0.991114855
1305031546.544068 -0.985275388 0.625030637 -0.501622915 -0.097250983 -0.033723380 -0.075367287 0.991828978
1305031546.576412 -0.981139958 0.642162442 -0.498872697 -0.098013170 -0.030149924 -0.071422257 0.992160916
1305031546.607717 -0.978656352 0.653139114 -0.494929314 -0.103281334 -0.027635489 -0.068634450 0.991896451
1305031546.644200 -0.973444879 0.663407266 -0.487865388 -0.111131728 -0.025660200 -0.064423375 0.991383374
1305031546.676003 -0.973255098 0.669069111 -0.482207686 -0.119980752 -0.020547744 -0.063050754 0.990558922
1305031546.707934 -0.967069328 0.681276917 -0.477350622 -0.122502163 -0.018348485 -0.059573423 0.990508735
1305031546.743887 -0.965129614 0.691031873 -0.471283972 -0.129997104 -0.012148308 -0.058951009 0.989685774
1305031546.775864 -0.966801047 0.696271896 -0.464039505 -0.139077440 -0.006458711 -0.060986929 0.988380671
1305031546.807996 -0.965898633 0.698660970 -0.458200634 -0.144894481 -0.004128731 -0.061744805 0.987510085
1305031546.844079 -0.964749217 0.705460608 -0.453435034 -0.146008626 -0.004501332 -0.059994943 0.987452209
1305031546.876064 -0.964983821 0.707243264 -0.449092209 -0.148814157 -0.006419749 -0.061569106 0.986925721
1305031546.907783 -0.968562007 0.702060759 -0.443923175 -0.151408643 -0.004187470 -0.064156562 0.986378133
1305031546.943858 -0.967035472 0.708656013 -0.441009760 -0.144809648 -0.006131268 -0.065572821 0.987265289
1305031546.975884 -0.967633069 0.711863458 -0.437484562 -0.144818723 -0.007743125 -0.067970723 0.987090409
1305031547.011984 -0.968360960 0.711723685 -0.432829022 -0.143994391 -0.010722493 -0.069456920 0.987079740
1305031547.044214 -0.965005577 0.713491797 -0.431219637 -0.141784742 -0.012945201 -0.071417958 0.987232983
1305031547.076346 -0.962339103 0.709707797 -0.428574502 -0.142070100 -0.012004023 -0.074346557 0.986987591
1305031547.111991 -0.963459611 0.708552361 -0.427149713 -0.137984276 -0.008510992 -0.075221598 0.987537146
1305031547.144071 -0.964900374 0.709412694 -0.427579939 -0.132190764 -0.006069173 -0.076179653 0.988273978
1305031547.175909 -0.966903985 0.709492087 -0.429416001 -0.129730836 -0.005399096 -0.074219614 0.988752842
1305031547.211964 -0.966001630 0.707375467 -0.430025399 -0.129109740 -0.009667579 -0.073439538 0.988859892
1305031547.244113 -0.964773476 0.701268137 -0.432064801 -0.129050538 -0.012193074 -0.073855102 0.988808751
1305031547.276546 -0.965133369 0.703860104 -0.434620708 -0.123033307 -0.012760012 -0.074630730 0.989510119
1305031547.312261 -0.965400398 0.700566769 -0.436504483 -0.122531645 -0.014234347 -0.074988164 0.989525199
1305031547.344192 -0.967553198 0.701004803 -0.438555658 -0.119631253 -0.014742163 -0.074007995 0.989946425
1305031547.376753 -0.967136502 0.698115706 -0.441069573 -0.120486438 -0.019054567 -0.072586380 0.989874303
1305031547.412260 -0.966708541 0.696188450 -0.442233562 -0.119751729 -0.022695901 -0.072049476 0.989925921
1305031547.444472 -0.964309037 0.693668365 -0.442643404 -0.118782096 -0.026271891 -0.072619274 0.989912629
1305031547.476347 -0.964054465 0.692714810 -0.443406165 -0.115630165 -0.026973361 -0.073673263 0.990189075
1305031547.512114 -0.963272691 0.694429219 -0.444080293 -0.113026820 -0.027034644 -0.073705077 0.990485549
1305031547.544015 -0.964621007 0.690780938 -0.443171769 -0.114659898 -0.025645655 -0.075191036 0.990223110
1305031547.576437 -0.963419735 0.692629874 -0.442864299 -0.111291170 -0.025793936 -0.074320927 0.990669131
1305031547.612296 -0.962941468 0.694369495 -0.442834556 -0.111674197 -0.026040161 -0.073100686 0.990710378
1305031547.644160 -0.961840034 0.690039217 -0.440697312 -0.114139773 -0.026769316 -0.072881863 0.990426064
1305031547.677287 -0.960224509 0.695919812 -0.441334784 -0.109917678 -0.025827298 -0.071700908 0.991014659
1305031547.712338 -0.959581792 0.692555130 -0.438612878 -0.116637297 -0.024915455 -0.072882310 0.990183353
1305031547.744332 -0.958132446 0.689691842 -0.436990231 -0.116428673 -0.024449082 -0.073102579 0.990203321
1305031547.776390 -0.957794368 0.694011033 -0.438056529 -0.112834767 -0.023167394 -0.074061528 0.990578890
1305031547.812317 -0.957018793 0.689934254 -0.437311321 -0.115769967 -0.021868810 -0.074679926 0.990223169
1305031547.844564 -0.957973421 0.691272676 -0.437437892 -0.113875568 -0.019707879 -0.074195772 0.990524590
1305031547.876362 -0.956956029 0.691349804 -0.437015235 -0.114780724 -0.020219691 -0.074101277 0.990416884
1305031547.912744 -0.955534875 0.688763022 -0.436570019 -0.116017170 -0.020408735 -0.074208573 0.990260899
1305031547.944304 -0.954912424 0.690383136 -0.435988784 -0.114556819 -0.019728351 -0.073748447 0.990479052
1305031547.976482 -0.955567539 0.689638853 -0.436590314 -0.115137622 -0.019024160 -0.074066147 0.990401745
