1305031453.359684 0.000000000 0.000000000 0.000000000 0.000000000 0.000000000 0.000000000 1.000000000
1305031453.391690 0.002064949 0.004636925 -0.009348255 -0.000557498 0.006218066 0.012189600 0.999906242
1305031453.423683 0.007259653 0.006607301 -0.017846869 0.000396120 0.009847984 0.021426477 0.999721825
1305031453.459685 0.010052977 0.010573170 -0.027225217 0.004131718 0.016711235 0.029461609 0.999417663
1305031453.491698 0.014924169 0.014848535 -0.038019963 0.008115336 0.022424765 0.039819852 0.998922229
1305031453.523684 0.015165839 0.020897008 -0.050645716 0.015213828 0.027393127 0.049059644 0.998304248
1305031453.559753 0.014010260 0.028758248 -0.065620854 0.023307014 0.030911038 0.055843417 0.997688711
1305031453.591640 0.013061421 0.033310197 -0.080503009 0.029997315 0.033985220 0.059994631 0.997168899
1305031453.627706 0.005551241 0.038730755 -0.097749650 0.036375538 0.036582533 0.063773446 0.996630073
1305031453.659600 -0.011502778 0.048126128 -0.110894240 0.045474961 0.037460621 0.061521642 0.996365309
1305031453.691678 -0.017625829 0.058411080 -0.124047391 0.052932993 0.032778870 0.057011615 0.996430278
1305031453.727652 -0.022897866 0.067108497 -0.141715810 0.057146583 0.026867986 0.052872777 0.996602654
1305031453.759694 -0.044504181 0.074141175 -0.153286591 0.061962005 0.022919117 0.044179160 0.996836782
1305031453.791716 -0.050949723 0.085278153 -0.164963081 0.067518339 0.013475755 0.036003347 0.996977150
1305031453.827773 -0.058235820 0.091841586 -0.176655382 0.069764160 0.005701337 0.030563476 0.997078896
1305031453.859705 -0.085830979 0.105094448 -0.188560441 0.073601156 -0.001736058 0.021160716 0.997061729
1305031453.891710 -0.097457848 0.111552864 -0.200292662 0.072905630 -0.016426232 0.013395330 0.997113585
1305031453.927723 -0.102611139 0.115388185 -0.201452434 0.069994554 -0.037931625 0.009029393 0.996785045
1305031453.959641 -0.113135606 0.125130370 -0.211028323 0.069385499 -0.053747684 0.001789201 0.996139348
1305031453.991624 -0.124200158 0.125782490 -0.215868890 0.066926375 -0.065234780 -0.010214098 0.995570660
1305031454.027662 -0.133948907 0.122719206 -0.222159237 0.067349531 -0.078105807 -0.020119157 0.994464040
1305031454.059654 -0.148547083 0.130219355 -0.226104856 0.069408529 -0.087986074 -0.031852644 0.993189991
1305031454.091651 -0.161932379 0.130189657 -0.232128501 0.068772383 -0.098601632 -0.046065543 0.991678417
1305031454.127701 -0.178383693 0.132803604 -0.235658333 0.072023854 -0.110815644 -0.060434159 0.989383757
1305031454.159672 -0.196177453 0.142980233 -0.234165907 0.074657410 -0.123539649 -0.072688915 0.986853898
1305031454.191658 -0.208617643 0.146033004 -0.238041252 0.072504766 -0.139025584 -0.087723337 0.983727396
1305031454.227671 -0.218863368 0.133735240 -0.244388357 0.069688432 -0.156157911 -0.105570145 0.979598522
1305031454.259627 -0.224252045 0.143038720 -0.242185265 0.077458277 -0.169161424 -0.120938495 0.975068510
1305031454.291639 -0.230655000 0.149576321 -0.242061079 0.076584265 -0.177641213 -0.132672772 0.972098947
1305031454.327699 -0.250824869 0.142203048 -0.245845586 0.074685037 -0.184523627 -0.148980632 0.968595862
1305031454.359636 -0.253704041 0.145249248 -0.250355393 0.080968648 -0.196293920 -0.164927289 0.963177919
1305031454.391677 -0.261442482 0.154505253 -0.250311285 0.084201969 -0.204345748 -0.177545518 0.958973646
1305031454.427465 -0.275849879 0.157524809 -0.253352106 0.085363664 -0.214814439 -0.193690449 0.953442097
1305031454.459913 -0.271824896 0.159199268 -0.255055368 0.087369360 -0.226442024 -0.207956210 0.947546780
1305031454.491617 -0.277143657 0.165045634 -0.255484670 0.089588009 -0.230991423 -0.222980186 0.942813218
1305031454.527700 -0.281482279 0.175676674 -0.257474244 0.090374716 -0.235927150 -0.238738909 0.937643111
1305031454.559575 -0.289733291 0.187772185 -0.260791898 0.089295223 -0.240302250 -0.252340943 0.933062255
1305031454.591635 -0.297307253 0.194253087 -0.264430970 0.086873420 -0.248948634 -0.270045251 0.926041663
1305031454.627580 -0.296514213 0.198402047 -0.265509307 0.085203782 -0.263092428 -0.283826441 0.918131351
1305031454.659528 -0.294743896 0.209500909 -0.269342035 0.080654688 -0.275100559 -0.290374547 0.912960649
1305031454.691884 -0.298219770 0.217190251 -0.266875327 0.074091770 -0.288638115 -0.297790676 0.906928420
1305031454.727659 -0.288945168 0.221987754 -0.262336761 0.070393927 -0.304722309 -0.300721735 0.900974751
1305031454.759732 -0.280660599 0.224890411 -0.256974608 0.063323855 -0.312827140 -0.295134157 0.900569320
1305031454.791641 -0.278429747 0.228907689 -0.255345255 0.057755239 -0.316032588 -0.288361371 0.902017474
1305031454.827570 -0.267841220 0.238240793 -0.254345804 0.054445762 -0.318682015 -0.281678557 0.903401673
1305031454.859620 -0.266037762 0.247803435 -0.255472839 0.049754214 -0.314535379 -0.274459541 0.907338977
1305031454.891764 -0.259232908 0.255879849 -0.254458189 0.045916390 -0.311015695 -0.266593218 0.911092162
1305031454.927567 -0.258187801 0.263781160 -0.256183386 0.042273335 -0.304820418 -0.260814726 0.915026307
1305031454.959648 -0.258813798 0.269803554 -0.261827052 0.036943045 -0.298543036 -0.254149050 0.919192910
1305031454.991937 -0.263309985 0.280991584 -0.267131716 0.036050990 -0.293595493 -0.248687372 0.922310472
1305031455.027799 -0.265082538 0.295860797 -0.275047779 0.036892999 -0.291282296 -0.245229393 0.923935115
1305031455.059636 -0.268651128 0.303226113 -0.280277342 0.036181133 -0.287441850 -0.244447693 0.925372064
1305031455.091700 -0.273531437 0.313960105 -0.283468395 0.038781945 -0.283567667 -0.242911741 0.926865280
1305031455.127695 -0.277715772 0.326827198 -0.289078057 0.041105814 -0.278443366 -0.241506174 0.928684235
1305031455.159720 -0.288524747 0.335082144 -0.293843716 0.039373491 -0.273155272 -0.238034964 0.931222498
1305031455.191655 -0.302963197 0.353758991 -0.300147146 0.039289109 -0.266196191 -0.231413141 0.934903145
1305031455.227581 -0.312393636 0.360381305 -0.304619104 0.038563099 -0.262699932 -0.225761443 0.937301159
1305031455.259631 -0.318855762 0.374227136 -0.307574093 0.037075084 -0.258412451 -0.218924999 0.940170348
1305031455.291831 -0.332574815 0.378041387 -0.314532518 0.027747650 -0.250892192 -0.209747687 0.944610536
1305031455.327766 -0.344983250 0.387451679 -0.321180671 0.022201404 -0.247362897 -0.198660970 0.948078334
1305031455.359630 -0.351025581 0.399721831 -0.323746085 0.015729532 -0.246023551 -0.192518458 0.949821889
1305031455.391665 -0.363386154 0.398614585 -0.326493204 0.002909951 -0.238235921 -0.184279308 0.953559816
1305031455.427642 -0.378746003 0.402961582 -0.335979462 -0.004531682 -0.229224235 -0.174548537 0.957584739
1305031455.459589 -0.394059926 0.401910931 -0.344421685 -0.010846903 -0.224225223 -0.166282922 0.960185111
1305031455.491637 -0.406457990 0.409482777 -0.352640361 -0.013761860 -0.219752863 -0.155632108 0.962963104
1305031455.527610 -0.424419612 0.408113360 -0.360939801 -0.019498043 -0.214963645 -0.142512530 0.965971351
1305031455.559669 -0.442339540 0.410431385 -0.373011053 -0.021965992 -0.213448316 -0.129961476 0.968022406
1305031455.591645 -0.460469037 0.418885827 -0.381591499 -0.022584243 -0.212298825 -0.115019545 0.970149279
1305031455.627617 -0.477365375 0.413327128 -0.390504420 -0.029368320 -0.209499970 -0.102754027 0.971951067
1305031455.659615 -0.496537745 0.408278525 -0.401884407 -0.028254986 -0.205902174 -0.097230174 0.973320186
1305031455.691605 -0.514129758 0.411846340 -0.413892329 -0.023230802 -0.202364385 -0.098495923 0.974067509
1305031455.727628 -0.531022012 0.410618991 -0.425089359 -0.020896068 -0.197701752 -0.103658982 0.974542081
1305031455.759683 -0.545721471 0.408576220 -0.437778056 -0.019956507 -0.191312462 -0.106027283 0.975581586
1305031455.791666 -0.564144909 0.400399774 -0.449505210 -0.019341310 -0.184452489 -0.106281959 0.976886570
1305031455.827590 -0.581252873 0.402570277 -0.464481771 -0.014919597 -0.179409683 -0.105830118 0.977951705
1305031455.859526 -0.595616400 0.397078574 -0.478333712 -0.015463720 -0.176369235 -0.107638277 0.978298903
1305031455.891657 -0.606867373 0.391235083 -0.488207638 -0.016633507 -0.173781872 -0.106887400 0.978824973
1305031455.927955 -0.620823383 0.384799331 -0.499339521 -0.018264184 -0.168925419 -0.108664662 0.979450166
1305031455.959716 -0.632512152 0.386788368 -0.511004567 -0.015927853 -0.164257824 -0.111247815 0.979994714
1305031455.991694 -0.642339766 0.383916408 -0.519796491 -0.018098129 -0.159339473 -0.113157138 0.980550289
1305031456.027770 -0.651408672 0.392313063 -0.527734518 -0.019391790 -0.152996555 -0.117352381 0.981042504
1305031456.059713 -0.667228460 0.382893026 -0.534717739 -0.030301087 -0.145687461 -0.125324279 0.980892897
1305031456.091707 -0.684677839 0.371139884 -0.541305542 -0.038278703 -0.138738915 -0.130963460 0.980884731
1305031456.127645 -0.698749304 0.366965771 -0.545406044 -0.039183307 -0.132905841 -0.133461505 0.981319904
1305031456.159731 -0.705798328 0.355843097 -0.546786249 -0.041641429 -0.128558919 -0.133922324 0.981734872
1305031456.191658 -0.715728819 0.347840726 -0.547236443 -0.037004966 -0.120851509 -0.131694138 0.983200014
1305031456.227678 -0.726275802 0.352449417 -0.555016935 -0.031959567 -0.109150723 -0.128339902 0.985187054
1305031456.291675 -0.751618445 0.330141068 -0.552304506 -0.034820374 -0.086041816 -0.121179797 0.988281190
1305031456.327718 -0.761752963 0.324116915 -0.549654126 -0.030910127 -0.075886637 -0.114511915 0.990036726
1305031456.391619 -0.786409676 0.317102313 -0.544095457 -0.026706479 -0.049938537 -0.105663486 0.992788076
1305031456.427662 -0.807282686 0.326449454 -0.539206922 -0.016183820 -0.035794612 -0.097942896 0.994416416
1305031456.491677 -0.843375146 0.338707268 -0.526558995 -0.020196525 -0.025889413 -0.085072465 0.995833576
1305031456.527641 -0.855026305 0.338485986 -0.516504228 -0.026258988 -0.027142303 -0.079171367 0.996145368
1305031456.591651 -0.879195035 0.349757761 -0.499955326 -0.024314808 -0.020554604 -0.068568915 0.997138202
1305031456.627612 -0.887690306 0.362560660 -0.490824252 -0.033826135 -0.015177032 -0.063107654 0.997317851
1305031456.691612 -0.926862597 0.343741387 -0.466027886 -0.049764391 0.000003983 -0.046224635 0.997690737
1305031456.727693 -0.941897154 0.360093355 -0.457713574 -0.050214011 0.002560386 -0.036486246 0.998068511
1305031456.791649 -0.977076650 0.347167909 -0.440068573 -0.056504987 -0.003750031 -0.022224026 0.998147905
1305031456.827603 -0.976986170 0.366816074 -0.426639467 -0.052994400 -0.010489780 -0.013409074 0.998449683
1305031456.891672 -0.994217455 0.356198430 -0.400661558 -0.066121973 -0.007837608 -0.002338488 0.997777998
1305031456.927690 -1.004177332 0.364193559 -0.392853498 -0.059448387 -0.002152117 0.004657055 0.998218179
1305031456.959667 -1.018603802 0.381879926 -0.387791485 -0.056647334 0.005284205 0.010215729 0.998328030
1305031456.991709 -1.032447338 0.377151757 -0.377926499 -0.066591114 0.011343250 0.012225537 0.997640967
1305031457.027648 -1.046105027 0.377085507 -0.373591304 -0.068465263 0.017216168 0.015654314 0.997382104
1305031457.091655 -1.068602204 0.382539958 -0.369540334 -0.079902925 0.028112857 0.025510475 0.996079504
1305031457.127632 -1.079973936 0.373563886 -0.366697758 -0.085329063 0.034877423 0.030189982 0.995284438
1305031457.191735 -1.108020902 0.376914263 -0.374602556 -0.081353635 0.051598947 0.043102507 0.994415045
1305031457.227543 -1.123170853 0.371682465 -0.377408177 -0.086596340 0.059536736 0.049460456 0.993232131
1305031457.291656 -1.149408817 0.362415195 -0.387527883 -0.077352911 0.075653717 0.060921747 0.992260873
1305031457.327548 -1.164834380 0.366280735 -0.396617174 -0.072944529 0.086230099 0.065851115 0.991416752
1305031457.391684 -1.197012186 0.350831300 -0.410074890 -0.070239469 0.110732161 0.078987986 0.988213360
1305031457.427641 -1.222211957 0.351528406 -0.419414252 -0.065359183 0.122080356 0.085805155 0.986641824
1305031457.491705 -1.250439525 0.335197151 -0.433911830 -0.065569676 0.127428740 0.095697455 0.985040367
1305031457.527638 -1.265020370 0.325650126 -0.441915125 -0.063394517 0.131779328 0.097721301 0.984411478
1305031457.559685 -1.279604197 0.320391238 -0.451909035 -0.059742402 0.136703148 0.101491310 0.983586609
1305031457.591678 -1.302925110 0.320217133 -0.458596349 -0.054819383 0.144055441 0.104035623 0.982557595
1305031457.627526 -1.315957427 0.308389187 -0.464041770 -0.056041580 0.145985678 0.107467756 0.981834114
1305031457.659632 -1.335553050 0.314289391 -0.471064687 -0.049310360 0.149588421 0.111051455 0.981253982
1305031457.691570 -1.351527095 0.306401670 -0.475495070 -0.055247046 0.151021272 0.113795146 0.980403483
1305031457.727669 -1.363032579 0.288276404 -0.477306157 -0.059525076 0.152508587 0.113197923 0.979991913
1305031457.759556 -1.375019073 0.274022013 -0.483995348 -0.058795352 0.154321268 0.111638062 0.979931116
1305031457.791567 -1.382401109 0.256764293 -0.487488598 -0.053387757 0.157830507 0.109569535 0.979915202
1305031457.827699 -1.399086118 0.261030525 -0.496284395 -0.040546417 0.166520745 0.109958932 0.979048491
1305031457.859623 -1.412230492 0.247019798 -0.499276489 -0.040599562 0.174761280 0.110012859 0.977602899
1305031457.891593 -1.430103779 0.226443112 -0.496341825 -0.035831645 0.184540853 0.109952927 0.975997508
1305031457.927633 -1.452399373 0.222045720 -0.500288844 -0.021992888 0.191106558 0.113419421 0.974746466
1305031457.991644 -1.476861358 0.204939693 -0.494684637 -0.011620871 0.194302425 0.117873505 0.973764539
1305031458.027845 -1.487932205 0.190322101 -0.491523743 -0.004939408 0.198384136 0.117930658 0.972991109
1305031458.059689 -1.507940531 0.203358650 -0.487419605 0.008582018 0.205045804 0.118862182 0.971470177
1305031458.091690 -1.523468256 0.204153061 -0.478782475 0.009810042 0.210280761 0.120808214 0.970098555
1305031458.127605 -1.539625645 0.193264201 -0.465926021 0.007456064 0.215954617 0.121325932 0.968807518
1305031458.159638 -1.555809975 0.182077974 -0.453260303 0.007993640 0.220037416 0.123256624 0.967640162
1305031458.191646 -1.579498053 0.183464244 -0.438181162 0.009650237 0.223621100 0.127019137 0.966315985
1305031458.227611 -1.598241568 0.178962350 -0.419928968 0.002547420 0.223284885 0.127696291 0.966349304
1305031458.259934 -1.606370926 0.146136254 -0.403719902 -0.005939721 0.221147045 0.126058623 0.967040777
1305031458.291664 -1.630156159 0.148484617 -0.381696224 0.006161260 0.221361518 0.124884769 0.967142642
1305031458.327628 -1.634857655 0.143362224 -0.370361090 0.007555192 0.213733494 0.128006145 0.968439639
1305031458.359590 -1.642434239 0.115090862 -0.351083696 0.009534635 0.210664108 0.128194541 0.969069600
1305031458.391626 -1.654098988 0.120581031 -0.335388362 0.024007976 0.209565088 0.132541016 0.968472481
1305031458.427598 -1.659424305 0.121438958 -0.323299289 0.033211533 0.209422305 0.139216915 0.967294097
1305031458.459637 -1.653924823 0.117277250 -0.308614910 0.045053810 0.212323800 0.145853743 0.965202272
1305031458.491696 -1.651724100 0.101854116 -0.294774234 0.061966918 0.222107098 0.143721819 0.962378621
1305031458.527737 -1.669596314 0.128367633 -0.271688700 0.086617656 0.235832453 0.139363945 0.957840323
1305031458.559628 -1.672868013 0.131793618 -0.252201319 0.093848214 0.244424149 0.136293352 0.955444098
1305031458.591641 -1.685587645 0.133429334 -0.225903451 0.103727825 0.253780812 0.129673600 0.952901125
1305031458.627659 -1.693402648 0.166119590 -0.195649505 0.113309450 0.254783511 0.125657469 0.952080131
1305031458.659623 -1.705396175 0.163747028 -0.171242356 0.106650710 0.253870994 0.126415029 0.952992320
1305031458.691674 -1.709664583 0.164162278 -0.148876131 0.099805422 0.239431083 0.118635304 0.958455682
1305031458.727650 -1.695710897 0.155745894 -0.137772858 0.095213972 0.222015068 0.110732533 0.964044571
1305031458.759945 -1.700598717 0.164587662 -0.118471563 0.102479696 0.209110364 0.097661041 0.967591405
1305031458.791632 -1.697948337 0.184311032 -0.096824110 0.105703481 0.193719357 0.088379323 0.971333444
1305031458.827564 -1.684566975 0.182187766 -0.084226549 0.098808073 0.182378143 0.087303095 0.974347651
1305031458.891665 -1.677267432 0.178447992 -0.069536924 0.104982890 0.177738845 0.077184528 0.975412726
1305031458.927621 -1.686333776 0.185585290 -0.060417414 0.105523035 0.185023263 0.081841037 0.973618686
1305031458.959617 -1.693789482 0.177248389 -0.047658086 0.097937629 0.192464575 0.094926067 0.971779108
1305031458.991647 -1.706712961 0.145832598 -0.034802020 0.093957983 0.200334698 0.098979481 0.970175743
1305031459.027665 -1.723762512 0.141119137 -0.017635524 0.104774289 0.200670481 0.099161699 0.968979180
1305031459.059631 -1.757639050 0.127558485 -0.003959477 0.112468801 0.200316697 0.105546921 0.967514277
1305031464.327866 -1.941643715 0.079275116 -0.290612102 0.007992487 0.269540489 0.250044435 0.929925680
1305031464.359684 -1.930067062 0.076338291 -0.306976557 0.011970843 0.259953141 0.244210258 0.934153318
1305031464.395611 -1.923469782 0.077543527 -0.323249340 0.016572863 0.256273776 0.235630497 0.937297940
1305031464.427634 -1.910774708 0.083916292 -0.340663075 0.018567901 0.253432155 0.226236597 0.940342724
1305031464.459689 -1.907046556 0.078682952 -0.354902864 0.019366475 0.252835751 0.216486380 0.942779243
1305031464.495633 -1.887698531 0.083101861 -0.381923556 0.021841867 0.245725200 0.211178109 0.945804358
1305031464.527574 -1.886563540 0.085760176 -0.397599399 0.023379525 0.247549087 0.202894390 0.947104394
1305031464.559703 -1.872384191 0.080653012 -0.420058370 0.018601684 0.243455410 0.192576393 0.950419784
1305031464.595698 -1.842533350 0.060401358 -0.455726981 0.014955362 0.241958305 0.184702381 0.952427208
1305031464.627672 -1.830249667 0.056705426 -0.476089120 0.022165449 0.252520621 0.174742103 0.951423824
1305031464.659749 -1.821334362 0.049340528 -0.497914433 0.027513176 0.264152825 0.160827041 0.950579286
1305031464.695663 -1.809883475 0.021604855 -0.512664139 0.031128913 0.275669485 0.142891794 0.950062752
1305031464.727652 -1.818019390 0.019759780 -0.516268134 0.047449112 0.286539674 0.120593838 0.949263275
1305031464.759740 -1.826129436 0.043971941 -0.518493414 0.063677557 0.289020151 0.097154833 0.950249195
1305031464.796021 -1.821497798 0.020110168 -0.536567330 0.063959561 0.283471644 0.081878416 0.953335702
1305031464.827759 -1.820890188 0.015956685 -0.537012577 0.072875828 0.272538841 0.065002412 0.957176268
1305031464.859654 -1.813046932 0.031799853 -0.531739116 0.081058048 0.256378740 0.047983907 0.961975574
1305031464.895817 -1.799188852 0.039677486 -0.538791358 0.079125382 0.238546953 0.025345849 0.967570186
1305031464.927799 -1.768079519 0.028837100 -0.533349574 0.073980555 0.223410189 0.009443826 0.971867025
1305031464.959763 -1.746038437 0.010794505 -0.544893265 0.072040975 0.215326950 -0.007841281 0.973849535
1305031464.995687 -1.723126173 0.011732712 -0.548590481 0.076298751 0.211107731 -0.026615461 0.974116862
1305031465.027823 -1.710260630 0.018544748 -0.535573125 0.078796245 0.211144567 -0.046914633 0.973143399
1305031465.059749 -1.706153154 0.041381866 -0.511728764 0.087186292 0.207684264 -0.067378923 0.971970081
1305031465.095700 -1.680972457 0.068773463 -0.509068131 0.083978578 0.191019133 -0.083096169 0.974450767
1305031465.127664 -1.652471423 0.072732165 -0.496828675 0.062058434 0.173477575 -0.098271675 0.977955520
1305031465.159842 -1.641995788 0.098710731 -0.481512159 0.052108921 0.164100260 -0.105270363 0.979425311
1305031465.195564 -1.626475096 0.101488091 -0.465215147 0.038787816 0.153914556 -0.109973416 0.981178701
1305031465.227907 -1.601672411 0.112729169 -0.460052371 0.028445985 0.141484052 -0.113526896 0.982997835
1305031465.259807 -1.582287788 0.110100821 -0.448936433 0.013732051 0.130836353 -0.114557654 0.984667361
1305031465.295623 -1.558549643 0.129039586 -0.434731156 0.013801058 0.119199961 -0.103507914 0.987363636
1305031465.327674 -1.548503518 0.145571381 -0.422987700 0.009636017 0.108704872 -0.093957089 0.989576936
1305031465.359948 -1.533671379 0.145179749 -0.415628880 0.004783788 0.093507506 -0.081810012 0.992240191
1305031465.395586 -1.502973557 0.156070754 -0.414954215 0.008953306 0.072574615 -0.069175139 0.994920850
1305031465.427697 -1.467588425 0.169979006 -0.412278950 0.014496599 0.054256562 -0.057701554 0.996753037
1305031465.460125 -1.448064089 0.188419163 -0.413198113 0.020376211 0.043371852 -0.045201939 0.997827888
1305031465.495703 -1.418635607 0.207242966 -0.418284655 0.021128766 0.029215744 -0.034056451 0.998769343
1305031465.527622 -1.394206047 0.205608055 -0.419874489 0.017468179 0.017446412 -0.030504547 0.999229670
1305031465.559812 -1.364052773 0.217435047 -0.427687198 0.024869835 0.004870001 -0.023638172 0.999399304
1305031465.595599 -1.337059736 0.235349357 -0.433174342 0.032081220 -0.002095900 -0.015260904 0.999366522
1305031465.627688 -1.322101951 0.250523478 -0.440760672 0.037417263 -0.005847661 -0.006381268 0.999262214
1305031465.660060 -1.302307487 0.266389519 -0.445420712 0.043170702 -0.016511112 0.002225126 0.998928726
1305031465.695668 -1.266789079 0.283206642 -0.452100694 0.050029218 -0.028871702 0.009543382 0.998284757
1305031465.727682 -1.244134545 0.301154166 -0.456562400 0.058193985 -0.033488378 0.018048063 0.997580171
1305031465.759766 -1.218109727 0.325006962 -0.463020891 0.067405589 -0.040474836 0.028671602 0.996491969
1305031465.795937 -1.191772819 0.343880415 -0.467230052 0.073344037 -0.045821905 0.035284165 0.995628476
1305031465.827996 -1.169085264 0.358888388 -0.469864964 0.082061164 -0.050128881 0.040173035 0.994554758
1305031465.859861 -1.143356919 0.388327748 -0.472941697 0.095674135 -0.054004148 0.045093380 0.992923260
1305031465.895494 -1.111247182 0.414281487 -0.474600673 0.099603020 -0.054643828 0.051037725 0.992213905
1305031465.927495 -1.082428932 0.424538136 -0.477311701 0.102811091 -0.050342578 0.050781570 0.992127359
1305031465.959710 -1.065963387 0.452571154 -0.484497190 0.116003878 -0.041011851 0.050595738 0.991111100
1305031465.995753 -1.053308010 0.478390723 -0.486163706 0.124515094 -0.033989619 0.047650956 0.990489841
1305031466.027644 -1.040153265 0.503722787 -0.488313138 0.131730869 -0.031870455 0.045627363 0.989721894
1305031466.059757 -1.023534656 0.535859227 -0.491440833 0.133394554 -0.032335453 0.047971178 0.989373088
1305031466.095840 -1.012808084 0.555854797 -0.497528464 0.129299343 -0.033257242 0.048799429 0.989845574
1305031466.127640 -1.000115395 0.575140238 -0.502161920 0.124820091 -0.038220402 0.046405241 0.990356326
1305031466.160428 -0.987111509 0.591521263 -0.511713088 0.119314261 -0.044615488 0.049681257 0.990608573
1305031466.195833 -0.974854708 0.609193146 -0.521978974 0.112283826 -0.054141179 0.049844589 0.990947306
1305031466.227951 -0.956731796 0.623248518 -0.531910002 0.102087751 -0.064971007 0.045692969 0.991599202
1305031466.259815 -0.929281354 0.623372078 -0.542919874 0.095882021 -0.071383193 0.038757764 0.992073059
1305031466.295737 -0.911890149 0.636960089 -0.560023785 0.098894909 -0.066608734 0.027857713 0.992475212
1305031466.327702 -0.893598378 0.648400128 -0.575464070 0.098357238 -0.058263503 0.018797657 0.993266225
1305031466.359829 -0.882039666 0.657608509 -0.585662127 0.092680924 -0.049038682 0.012039190 0.994414687
1305031466.395784 -0.869386792 0.655368328 -0.597487986 0.090500899 -0.044992615 0.008043176 0.994847000
1305031466.427819 -0.862405896 0.670007408 -0.608592391 0.098814085 -0.045239061 0.003328640 0.994071484
1305031466.459790 -0.846879482 0.685756326 -0.619291842 0.099995859 -0.050470091 -0.001330997 0.993706107
1305031466.495809 -0.821649253 0.694392860 -0.624904275 0.096064799 -0.057623271 -0.001899096 0.993703902
1305031466.527538 -0.794716179 0.699203134 -0.633639574 0.093254417 -0.058767859 -0.002081319 0.993904233
1305031466.560353 -0.779472232 0.712618291 -0.635329366 0.093091644 -0.055130277 -0.003548956 0.994123757
1305031466.595936 -0.755345821 0.723608851 -0.640482664 0.085222013 -0.057136498 -0.005893228 0.994704962
1305031466.627549 -0.733366489 0.717605710 -0.645910144 0.076036826 -0.055480633 -0.010719894 0.995502591
1305031466.659688 -0.712795079 0.722796917 -0.649815917 0.082223214 -0.052695800 -0.015329452 0.995101750
1305031466.695822 -0.693836153 0.740583360 -0.654572248 0.085216507 -0.054560523 -0.020889644 0.994648159
1305031466.728074 -0.672151327 0.743429124 -0.658059597 0.077993289 -0.057853945 -0.031108165 0.994787514
1305031466.759637 -0.653048396 0.739694357 -0.658243537 0.079187177 -0.057459284 -0.040685531 0.994370401
1305031466.795604 -0.635871530 0.750419796 -0.662873745 0.086411931 -0.059209105 -0.044810250 0.993488431
1305031466.827879 -0.616521955 0.761768222 -0.666068196 0.085643560 -0.064736500 -0.048364662 0.993043423
1305031466.859665 -0.605934083 0.755229712 -0.672130167 0.080984958 -0.068733059 -0.049567923 0.993106365
1305031466.895694 -0.591760039 0.762793303 -0.673622608 0.086062096 -0.079846345 -0.050011326 0.991824985
1305031466.927756 -0.569645762 0.764442861 -0.682476878 0.085786365 -0.096104942 -0.053621035 0.990216792
1305031466.959728 -0.547732234 0.764320910 -0.685542107 0.086032219 -0.108213373 -0.055266019 0.988854885
1305031466.995712 -0.527858496 0.768645704 -0.687095881 0.087991059 -0.114524081 -0.058793165 0.987767816
1305031467.027843 -0.513034403 0.771385252 -0.690596342 0.088788562 -0.118204951 -0.063402452 0.986977398
1305031467.059700 -0.489585608 0.775266588 -0.691625595 0.089657791 -0.123694159 -0.066328995 0.986033320
1305031467.095687 -0.473788559 0.780834675 -0.691977382 0.088988744 -0.125291109 -0.071469851 0.985532939
1305031467.128974 -0.463156998 0.775402486 -0.696882129 0.087450661 -0.125913844 -0.083672702 0.984630406
1305031467.159660 -0.450497031 0.779877424 -0.698707879 0.090600021 -0.128190428 -0.091691718 0.983336926
1305031467.195663 -0.439507931 0.782370627 -0.702608585 0.091826342 -0.131903410 -0.096213594 0.982299507
1305031467.227704 -0.422899604 0.784429133 -0.705377102 0.093096174 -0.139324784 -0.102050699 0.980564833
1305031467.259694 -0.407680988 0.785071790 -0.707487822 0.094572701 -0.145469412 -0.106339492 0.979074359
1305031467.295846 -0.394230992 0.788155615 -0.710057497 0.097215913 -0.150672451 -0.112714939 0.977313757
1305031467.328008 -0.378807813 0.792973280 -0.713824034 0.099589922 -0.156515613 -0.118009038 0.975529909
1305031467.359654 -0.365051121 0.800323427 -0.716045499 0.098300427 -0.163051650 -0.119667724 0.974387407
1305031467.395756 -0.344763935 0.803373218 -0.720696390 0.093364649 -0.171830744 -0.125198022 0.972667813
1305031467.427783 -0.332143337 0.801316679 -0.721432745 0.091122441 -0.177499458 -0.130198762 0.971204877
1305031467.459692 -0.318121135 0.804389596 -0.724679708 0.091432713 -0.184289500 -0.130929634 0.969811738
1305031467.496058 -0.296203047 0.808966160 -0.730883837 0.088246018 -0.192650825 -0.136727288 0.967679679
1305031467.527663 -0.281674713 0.807810962 -0.731482625 0.082924619 -0.196027085 -0.144555718 0.966333568
1305031467.559763 -0.267617851 0.805155456 -0.731303215 0.082947284 -0.197472915 -0.147145659 0.965646088
1305031467.595989 -0.253943264 0.805242598 -0.732495070 0.082454808 -0.199497014 -0.144657448 0.965648174
1305031467.627532 -0.241351604 0.798523724 -0.728209734 0.083311386 -0.204940543 -0.143811971 0.964560390
1305031467.659626 -0.227615178 0.797969341 -0.726528406 0.091219597 -0.211087301 -0.139650941 0.963129640
1305031467.695886 -0.215833694 0.792026043 -0.726547837 0.093264647 -0.214491189 -0.142836452 0.961713552
1305031467.727535 -0.203538328 0.780559361 -0.717380106 0.096495710 -0.217888921 -0.148592383 0.959756911
1305031467.759907 -0.193572938 0.774448335 -0.710521579 0.102667578 -0.220178917 -0.150397271 0.958311677
1305031467.796075 -0.183986425 0.765881956 -0.703499317 0.105794415 -0.223682821 -0.153354898 0.956690013
1305031467.827800 -0.172753036 0.746473312 -0.697216213 0.107028387 -0.227529913 -0.154381678 0.955479622
1305031467.859729 -0.168115795 0.733628750 -0.687889099 0.112596363 -0.231758773 -0.152454197 0.954131842
1305031467.895947 -0.161598027 0.730826557 -0.676325977 0.118669964 -0.239465892 -0.150460020 0.951806307
1305031467.927754 -0.154097885 0.719772100 -0.660470724 0.122134872 -0.247902051 -0.154941797 0.948483348
1305031467.959826 -0.144487113 0.704832733 -0.643129945 0.127566963 -0.255182952 -0.153928891 0.945999026
1305031467.995754 -0.134758800 0.702122271 -0.629846215 0.131955653 -0.258112013 -0.156438038 0.944189072
1305031468.028107 -0.131761372 0.682924390 -0.612832785 0.128486946 -0.259045184 -0.160952210 0.943653047
1305031468.059850 -0.129263580 0.668191075 -0.597418606 0.133405656 -0.261192262 -0.163685009 0.941906989
1305031468.095867 -0.121294558 0.662469447 -0.580352008 0.136992574 -0.265830010 -0.165286601 0.939812601
1305031468.127816 -0.114807576 0.644088149 -0.563965619 0.134581417 -0.269394279 -0.166982293 0.938845813
1305031468.159864 -0.109196216 0.628120363 -0.549426079 0.135736108 -0.271846384 -0.169861302 0.937455297
1305031468.195985 -0.100137651 0.613825500 -0.535748720 0.135403007 -0.273624867 -0.173900515 0.936244667
1305031468.228158 -0.092013687 0.592056751 -0.521431923 0.132053450 -0.274693727 -0.174110293 0.936371148
1305031468.259754 -0.080908388 0.566741824 -0.506341159 0.128555790 -0.276062667 -0.173393533 0.936588228
1305031468.295830 -0.074301809 0.545786440 -0.495495290 0.126254141 -0.274456322 -0.173994526 0.937261701
1305031468.327847 -0.070771322 0.513543904 -0.483952463 0.123223603 -0.273723334 -0.172100052 0.938228667
1305031468.359787 -0.064422294 0.498110920 -0.477888882 0.125536501 -0.271266043 -0.167820349 0.939410269
1305031468.395860 -0.059249625 0.485387802 -0.469162554 0.123235174 -0.270737141 -0.167540431 0.939917386
1305031468.428025 -0.055100113 0.456760228 -0.462568462 0.116191685 -0.271684498 -0.168505222 0.940368593
1305031468.459759 -0.051948577 0.436220706 -0.458212852 0.113422066 -0.272155553 -0.166354910 0.940953195
1305031468.495809 -0.046780333 0.418944538 -0.450838715 0.110377915 -0.271839440 -0.166919738 0.941306412
1305031468.527756 -0.050865114 0.387767822 -0.449836910 0.106535837 -0.268912464 -0.173402473 0.941417992
1305031468.559739 -0.052667677 0.359735966 -0.452947348 0.109280199 -0.267855108 -0.182330519 0.939716458
1305031468.595768 -0.057617411 0.358046383 -0.450620979 0.115391523 -0.267373592 -0.187914640 0.938021481
1305031468.627626 -0.060314238 0.340309083 -0.448045939 0.108717956 -0.268529624 -0.189318389 0.938206136
1305031468.659579 -0.071583450 0.318294376 -0.453061461 0.106249064 -0.269766510 -0.191870317 0.937615573
1305031468.695835 -0.078955948 0.297260106 -0.452867717 0.108738109 -0.275232971 -0.195268825 0.935036302
1305031468.727785 -0.081892848 0.286366403 -0.448094189 0.114081331 -0.281934947 -0.196484759 0.932143688
1305031468.759628 -0.083819389 0.270000219 -0.446663380 0.114503577 -0.286781877 -0.196872786 0.930530071
1305031468.795796 -0.091496021 0.241621956 -0.449067056 0.114794314 -0.288374186 -0.202157244 0.928867579
1305031468.829247 -0.096535847 0.232353255 -0.447054744 0.124151818 -0.289604574 -0.207231015 0.926159203
1305031468.859659 -0.091590211 0.227525681 -0.439166993 0.128228128 -0.291044325 -0.210603982 0.924389899
1305031468.895873 -0.097031951 0.218195021 -0.437516332 0.126061022 -0.285165519 -0.212310165 0.926128328
1305031468.928141 -0.103404716 0.207156390 -0.436464190 0.121156715 -0.279127240 -0.209769771 0.929196239
1305031468.959594 -0.107692793 0.203932181 -0.434285402 0.115215510 -0.273395270 -0.207659438 0.932125509
1305031468.995711 -0.111814484 0.215274110 -0.432017237 0.105351627 -0.268837631 -0.211071163 0.933850229
1305031469.027699 -0.119555831 0.202214912 -0.428302348 0.085524127 -0.264873266 -0.219693229 0.935020149
1305031469.059832 -0.126757950 0.190699995 -0.421940178 0.071539573 -0.263715625 -0.226879761 0.934805751
1305031469.095723 -0.124238119 0.190848023 -0.409863770 0.063013770 -0.263788283 -0.236965582 0.932894588
1305031469.127679 -0.123695180 0.173032284 -0.399694264 0.047875546 -0.258543432 -0.248424277 0.932281375
1305031469.159703 -0.130487412 0.166138813 -0.390026271 0.038035601 -0.248673722 -0.256294847 0.933288634
1305031469.195540 -0.137010366 0.161845475 -0.377222687 0.031796418 -0.239202231 -0.262197375 0.934357405
1305031469.227754 -0.152162358 0.153700560 -0.373368204 0.024638219 -0.229886428 -0.266113251 0.935803890
1305031469.259586 -0.155240506 0.150623634 -0.360360205 0.019866809 -0.228057593 -0.271085620 0.934937239
1305031469.296754 -0.159168378 0.147377521 -0.348558217 0.015008126 -0.223390073 -0.273255825 0.935522795
1305031469.327618 -0.161285013 0.153990179 -0.336936593 0.012066717 -0.220807612 -0.273929179 0.935981393
1305031469.359592 -0.153582454 0.150249586 -0.322549999 0.005195979 -0.218987927 -0.277176410 0.935516179
1305031469.395695 -0.158967346 0.129830346 -0.311216533 -0.002405761 -0.208477423 -0.286169082 0.935221195
1305031469.427651 -0.164295107 0.138980627 -0.300087452 0.000580345 -0.195663825 -0.291146040 0.936455727
1305031469.459668 -0.167787462 0.144694626 -0.287218630 0.001132397 -0.186336011 -0.297528118 0.936351776
1305031469.495744 -0.182500124 0.154626250 -0.273477793 0.001471149 -0.177901030 -0.301183134 0.936823249
1305031469.527622 -0.185436442 0.168193042 -0.261421621 0.000420093 -0.177584693 -0.301306725 0.936844587
1305031469.559645 -0.183752924 0.172123775 -0.246917158 -0.006689237 -0.180457249 -0.301252455 0.936289132
1305031469.595755 -0.183521003 0.183259323 -0.232089505 -0.012641150 -0.181953728 -0.299581259 0.936474323
1305031469.627752 -0.186092317 0.188324958 -0.219517946 -0.023891117 -0.180017635 -0.300001502 0.936494470
1305031469.659590 -0.191599160 0.188075528 -0.203507230 -0.032907069 -0.176786855 -0.301097691 0.936484754
1305031469.695613 -0.197319418 0.206114039 -0.194142312 -0.034014892 -0.171004459 -0.299242735 0.938112080
1305031469.727679 -0.202569097 0.212556034 -0.183334947 -0.040852532 -0.165839300 -0.299678981 0.938627124
1305031469.759599 -0.206137270 0.223853976 -0.172006771 -0.047458783 -0.162369654 -0.295910686 0.940117359
1305031469.795621 -0.208702579 0.242061004 -0.159838617 -0.051170141 -0.162395895 -0.291058660 0.941431940
1305031469.827526 -0.215763375 0.256671458 -0.151009336 -0.056462612 -0.162817195 -0.287421256 0.942173839
1305031469.859574 -0.224759936 0.268729657 -0.140857235 -0.064339459 -0.164342076 -0.286269158 0.941754818
1305031469.895755 -0.233083531 0.284381390 -0.133564308 -0.068687022 -0.164874271 -0.283465922 0.942202568
1305031469.927854 -0.240377709 0.303840488 -0.126639038 -0.069954917 -0.166544721 -0.278845489 0.943193734
1305031469.959805 -0.252521962 0.320869446 -0.120604157 -0.070942447 -0.167906836 -0.276005864 0.943713486
1305031469.995551 -0.260802060 0.335770965 -0.116835915 -0.072006032 -0.169802800 -0.273942828 0.943894863
1305031470.027694 -0.276798517 0.349727422 -0.114430591 -0.075854599 -0.169441372 -0.274377674 0.943531990
1305031470.059638 -0.290330708 0.366976470 -0.111909345 -0.076750740 -0.168102518 -0.274151176 0.943764806
1305031470.095944 -0.301847249 0.381206781 -0.112249121 -0.078692421 -0.167315900 -0.271190822 0.944599628
1305031470.127633 -0.312706470 0.394368798 -0.111726791 -0.083690330 -0.167521030 -0.269489914 0.944620490
1305031470.159626 -0.324570179 0.410947233 -0.111622632 -0.085604608 -0.167659342 -0.266033858 0.945403695
1305031470.196092 -0.336669236 0.424297452 -0.114906467 -0.087753654 -0.168317199 -0.262723625 0.946015298
1305031470.227618 -0.350522250 0.437277436 -0.117681429 -0.092429079 -0.166924700 -0.260209292 0.946511567
1305031470.259965 -0.362112880 0.448457032 -0.119594179 -0.097975843 -0.166455954 -0.257908314 0.946665943
1305031470.295718 -0.374890536 0.460899830 -0.122779950 -0.103379287 -0.164385483 -0.255611241 0.947076023
1305031470.327644 -0.389674783 0.473618895 -0.123194814 -0.110846691 -0.162567243 -0.253108978 0.947217405
1305031470.359624 -0.402301162 0.484083980 -0.124790050 -0.117258094 -0.163524255 -0.249144122 0.947331846
1305031470.395823 -0.415746361 0.499908209 -0.128852859 -0.118371971 -0.162971526 -0.244678169 0.948451877
1305031470.427641 -0.430819869 0.513050020 -0.131595865 -0.118219420 -0.162830442 -0.245158046 0.948371232
1305031470.459721 -0.444550246 0.522700071 -0.135381564 -0.117736183 -0.163516223 -0.244836405 0.948396444
1305031470.495686 -0.457414061 0.531510770 -0.138545424 -0.116873309 -0.164751679 -0.242798179 0.948813260
1305031470.527689 -0.469805986 0.537568808 -0.143657893 -0.117869936 -0.164658323 -0.244612649 0.948239982
1305031470.559677 -0.480248272 0.545359135 -0.149233520 -0.118154317 -0.163038522 -0.243407935 0.948794305
1305031470.595760 -0.491006494 0.547577322 -0.150370181 -0.122037508 -0.163739324 -0.242041305 0.948531628
1305031470.627729 -0.502625346 0.556691706 -0.153787166 -0.123245925 -0.161667526 -0.237260208 0.949937701
1305031470.659690 -0.515191197 0.563212812 -0.155057460 -0.125100762 -0.159833997 -0.233453438 0.950948179
1305031470.695630 -0.527290404 0.570518553 -0.157026768 -0.127255663 -0.158720255 -0.230148673 0.951654077
1305031470.727654 -0.538456321 0.574932933 -0.157284915 -0.127404541 -0.158673897 -0.228699729 0.951991141
1305031470.759682 -0.550863624 0.576300502 -0.161328122 -0.130998105 -0.152570173 -0.225813061 0.953189552
1305031470.795615 -0.556887031 0.581839681 -0.161428720 -0.131892800 -0.149410486 -0.221972018 0.954468071
1305031470.827831 -0.566398919 0.589662075 -0.161739066 -0.125555769 -0.148307934 -0.215769172 0.956913888
1305031470.859645 -0.577376008 0.589470565 -0.163039967 -0.123039596 -0.147714078 -0.212213606 0.958126962
1305031470.895722 -0.584891379 0.589385629 -0.166117862 -0.120592624 -0.150066182 -0.207317099 0.959143996
1305031470.927684 -0.596711755 0.591287732 -0.166606024 -0.117127180 -0.151227146 -0.203270704 0.960256517
1305031470.959647 -0.608681679 0.591277361 -0.170243174 -0.107843384 -0.152659625 -0.201419637 0.961506605
1305031470.995996 -0.617798924 0.589992166 -0.176011428 -0.101152867 -0.152250171 -0.198670402 0.962869644
1305031471.027644 -0.628095329 0.584373772 -0.179822266 -0.096906997 -0.149506375 -0.197457969 0.963985085
1305031471.059636 -0.637073457 0.576411009 -0.182171702 -0.093467727 -0.147915363 -0.191417515 0.965786755
1305031471.095777 -0.646430731 0.571129501 -0.186695069 -0.090499803 -0.146334931 -0.184415713 0.967670798
1305031471.127663 -0.656392753 0.568986714 -0.190490499 -0.086340889 -0.144674093 -0.178739876 0.969364047
1305031471.159649 -0.659774303 0.570960104 -0.193211973 -0.078795679 -0.146052182 -0.171320111 0.971138179
1305031471.195703 -0.666456223 0.571417391 -0.196285993 -0.076188631 -0.142776936 -0.165525928 0.972836673
1305031471.227569 -0.674098909 0.574502945 -0.198801696 -0.073782593 -0.138443097 -0.160404414 0.974505007
1305031471.259722 -0.681097388 0.572399259 -0.200382829 -0.075174384 -0.136302397 -0.156557128 0.975325763
1305031471.296068 -0.687279880 0.570040047 -0.200869977 -0.075009443 -0.133920804 -0.152524903 0.976306796
1305031471.327642 -0.689358950 0.570593238 -0.203219533 -0.070211194 -0.131170601 -0.148928598 0.977591395
1305031471.359615 -0.691942930 0.569890141 -0.205862045 -0.069865026 -0.124246672 -0.146405771 0.978900909
1305031471.395730 -0.702806950 0.566469193 -0.207841516 -0.070901781 -0.113574483 -0.141803637 0.980798423
1305031471.427704 -0.708714664 0.566943944 -0.211638972 -0.066586830 -0.110538065 -0.133984834 0.982545435
1305031471.459647 -0.712216914 0.566966832 -0.214790225 -0.066389196 -0.111381419 -0.128762826 0.983161628
1305031471.496491 -0.716138840 0.566157341 -0.216529876 -0.067847930 -0.110896602 -0.124797650 0.983628035
1305031471.527624 -0.721309364 0.565749228 -0.220328778 -0.068249680 -0.109090738 -0.120208070 0.984373510
1305031471.559671 -0.721913397 0.566601336 -0.222697124 -0.067995898 -0.108777463 -0.118402608 0.984644532
1305031471.595702 -0.726123154 0.563613176 -0.226085797 -0.070092812 -0.103253610 -0.116442367 0.985325754
1305031471.627621 -0.728451312 0.563191831 -0.229276568 -0.069630474 -0.098579749 -0.114562497 0.986057341
1305031471.659642 -0.732533276 0.562512994 -0.232819691 -0.068423681 -0.092189766 -0.111851186 0.987070680
1305031471.695609 -0.734163880 0.564820647 -0.235848367 -0.065429278 -0.088429905 -0.106103189 0.988251626
1305031471.727501 -0.735405743 0.568483949 -0.239319846 -0.064649254 -0.084749430 -0.101777814 0.989080012
1305031471.759702 -0.736181021 0.566047907 -0.240635842 -0.067654602 -0.080304995 -0.096106745 0.989816904
1305031471.795801 -0.736305118 0.569510579 -0.243471757 -0.065388963 -0.074107639 -0.087031491 0.991291046
1305031471.827639 -0.739803791 0.577165902 -0.245516032 -0.065369971 -0.067640752 -0.079969533 0.992348909
1305031471.859665 -0.742165446 0.575358212 -0.245488346 -0.071689524 -0.064103775 -0.073593989 0.992640555
1305031471.895604 -0.742679060 0.580992937 -0.246624827 -0.072773315 -0.060536269 -0.066816993 0.993264735
1305031471.927651 -0.745654166 0.579557896 -0.247241020 -0.081175268 -0.054855887 -0.063332848 0.993171871
1305031471.959643 -0.748224497 0.577626288 -0.245949745 -0.084536031 -0.047795303 -0.063047551 0.993274510
1305031471.995573 -0.753575802 0.587236226 -0.248750821 -0.079999387 -0.037944596 -0.058521725 0.994351804
1305031472.027638 -0.754369736 0.593742430 -0.247444347 -0.085053518 -0.034218848 -0.054418769 0.994300544
1305031472.059668 -0.759760976 0.591282785 -0.245846152 -0.089997105 -0.028326955 -0.052904554 0.994132400
1305031472.095601 -0.767087638 0.595143914 -0.247371763 -0.088956080 -0.020551795 -0.047111504 0.994708478
1305031472.127594 -0.772026598 0.601171672 -0.246930540 -0.092269808 -0.017013676 -0.043444216 0.994640350
1305031472.159645 -0.775404453 0.594837308 -0.244058222 -0.100096457 -0.016744347 -0.041917868 0.993953347
1305031472.195682 -0.781096876 0.594382286 -0.244228810 -0.097258098 -0.013811050 -0.037378378 0.994461119
1305031472.227626 -0.782572985 0.597598732 -0.245594144 -0.093265295 -0.013596703 -0.034422852 0.994953156
1305031472.263840 -0.785194218 0.593000054 -0.244799733 -0.093691066 -0.012031377 -0.033906765 0.994951069
1305031472.295671 -0.789517760 0.588144183 -0.246646166 -0.089944363 -0.008131418 -0.031941868 0.995401204
1305031472.327678 -0.791123033 0.593550205 -0.248380408 -0.081238456 -0.006820964 -0.029597543 0.996231794
1305031472.363577 -0.790857077 0.595312178 -0.249431670 -0.079802804 -0.007830530 -0.028630836 0.996368647
1305031472.395599 -0.794797659 0.592288017 -0.248347193 -0.080811799 -0.007923963 -0.026594141 0.996343017
1305031472.427686 -0.794515014 0.588247955 -0.248907641 -0.080423482 -0.011668392 -0.025964582 0.996354222
1305031472.463603 -0.792385578 0.585806668 -0.249393106 -0.079055324 -0.014129488 -0.027506819 0.996390462
1305031472.495626 -0.791353524 0.584599376 -0.250051022 -0.078704484 -0.012869971 -0.028409576 0.996410012
1305031472.527625 -0.793954849 0.577316940 -0.248682633 -0.081434093 -0.009034952 -0.027821776 0.996249378
1305031472.563587 -0.794957101 0.570397973 -0.249090910 -0.078852303 -0.008880892 -0.025927776 0.996509492
1305031472.595675 -0.790700614 0.573016167 -0.250637978 -0.072003469 -0.012398526 -0.023181353 0.997057855
1305031472.627701 -0.789076626 0.570260406 -0.250491142 -0.072306372 -0.013645431 -0.021421960 0.997058988
1305031472.663575 -0.786415160 0.565022051 -0.249804348 -0.073156834 -0.015180387 -0.020071421 0.997002900
1305031472.695755 -0.785897851 0.560559988 -0.248970792 -0.072425209 -0.015394831 -0.018598434 0.997081578
1305031472.727628 -0.784183085 0.557766914 -0.248317122 -0.070020668 -0.016485645 -0.018713841 0.997233748
1305031472.763578 -0.781567395 0.554512620 -0.247479513 -0.068624862 -0.017400330 -0.020326402 0.997283638
1305031472.795640 -0.780294716 0.550677955 -0.245815784 -0.067655519 -0.016446833 -0.021726353 0.997336566
1305031472.827627 -0.779645324 0.549496353 -0.245623738 -0.064313203 -0.015639022 -0.021556810 0.997574329
1305031472.863598 -0.780470610 0.548113942 -0.243706733 -0.062527046 -0.015207628 -0.020199051 0.997722924
1305031472.895713 -0.780031323 0.547331810 -0.243434459 -0.062258393 -0.016799102 -0.017421333 0.997766614
1305031472.927685 -0.778961241 0.545001507 -0.241111755 -0.063302644 -0.018098971 -0.016087295 0.997700572
1305031472.963756 -0.777457058 0.544602156 -0.240201473 -0.062896512 -0.018682096 -0.014855964 0.997734606
1305031472.995704 -0.779386818 0.543147981 -0.239627123 -0.064178295 -0.018226871 -0.013997098 0.997673810
1305031473.027638 -0.780272722 0.543826163 -0.238888338 -0.064154662 -0.018827619 -0.014098774 0.997662723
1305031473.063684 -0.778427064 0.540958107 -0.236853719 -0.066276595 -0.020578893 -0.015287011 0.997471929
1305031473.095695 -0.776378989 0.542450964 -0.237129986 -0.064219877 -0.020937966 -0.017184878 0.997568071
1305031473.127744 -0.778061628 0.540728807 -0.236145318 -0.065075897 -0.018680291 -0.018459665 0.997534633
1305031473.167060 -0.779397845 0.540055692 -0.235677540 -0.064302281 -0.018724125 -0.018800030 0.997577667
1305031473.196069 -0.778183937 0.537526906 -0.236332878 -0.064618625 -0.020234764 -0.018965775 0.997524559
