1305031453.359684 0.0000000 0.0000000 0.0000000 0.0000000 0.0000000 0.0000000 1.0000000
1305031453.459685 0.0100530 0.0105732 -0.0272252 0.0041317 0.0167112 0.0294616 0.9994177
1305031453.491698 0.0149242 0.0148485 -0.0380200 0.0081153 0.0224248 0.0398199 0.9989222
1305031453.591640 0.0130614 0.0333102 -0.0805030 0.0299973 0.0339852 0.0599946 0.9971689
1305031453.659600 -0.0115028 0.0481261 -0.1108942 0.0454750 0.0374606 0.0615216 0.9963653
1305031453.759694 -0.0445042 0.0741412 -0.1532866 0.0619620 0.0229191 0.0441792 0.9968368
1305031453.859705 -0.0858310 0.1050945 -0.1885604 0.0736012 -0.0017361 0.0211607 0.9970617
1305031453.959641 -0.1131356 0.1251304 -0.2110283 0.0693855 -0.0537477 0.0017892 0.9961393
1305031454.091651 -0.1619324 0.1301897 -0.2321285 0.0687724 -0.0986016 -0.0460655 0.9916784
1305031454.227671 -0.2188633 0.1337352 -0.2443883 0.0696884 -0.1561579 -0.1055701 0.9795985
1305031454.359636 -0.2537040 0.1452492 -0.2503554 0.0809686 -0.1962939 -0.1649273 0.9631779
1305031454.559575 -0.2897333 0.1877722 -0.2607918 0.0892952 -0.2403022 -0.2523410 0.9330623
1305031454.727659 -0.2889452 0.2219878 -0.2623367 0.0703939 -0.3047223 -0.3007217 0.9009748
1305031455.191655 -0.3029632 0.3537590 -0.3001472 0.0392891 -0.2661962 -0.2314131 0.9349031
1305031455.591645 -0.4604692 0.4188858 -0.3815915 -0.0225842 -0.2122988 -0.1150195 0.9701493
1305031455.791666 -0.5641449 0.4003998 -0.4495052 -0.0193413 -0.1844525 -0.1062820 0.9768866
1305031456.127645 -0.6987494 0.3669658 -0.5454060 -0.0391833 -0.1329058 -0.1334615 0.9813199
1305031456.291675 -0.7516184 0.3301411 -0.5523046 -0.0348204 -0.0860418 -0.1211798 0.9882812
1305031456.591651 -0.8791950 0.3497578 -0.4999553 -0.0243148 -0.0205546 -0.0685689 0.9971382
1305031456.827603 -0.9769862 0.3668160 -0.4266395 -0.0529944 -0.0104898 -0.0134091 0.9984497
1305031457.027648 -1.0461050 0.3770855 -0.3735913 -0.0684653 0.0172162 0.0156543 0.9973821
1305031457.291656 -1.1494089 0.3624152 -0.3875278 -0.0773529 0.0756537 0.0609217 0.9922609
1305031457.591678 -1.3029253 0.3202171 -0.4585963 -0.0548194 0.1440554 0.1040356 0.9825576
1305031457.791567 -1.3824011 0.2567643 -0.4874886 -0.0533878 0.1578305 0.1095695 0.9799152
1305031458.059689 -1.5079405 0.2033585 -0.4874196 0.0085820 0.2050458 0.1188622 0.9714702
1305031458.227611 -1.5982416 0.1789624 -0.4199291 0.0025474 0.2232849 0.1276963 0.9663493
1305031458.427598 -1.6594243 0.1214389 -0.3232992 0.0332115 0.2094223 0.1392169 0.9672942
1305031458.627659 -1.6934028 0.1661195 -0.1956494 0.1133095 0.2547835 0.1256575 0.9520801
1305031458.891665 -1.6772674 0.1784481 -0.0695372 0.1049829 0.1777388 0.0771845 0.9754128
1305031464.327866 -1.9416437 0.0792752 -0.2906122 0.0079925 0.2695405 0.2500444 0.9299257
1305031464.595698 -1.8425336 0.0604013 -0.4557266 0.0149554 0.2419583 0.1847024 0.9524272
1305031465.327674 -1.5485034 0.1455713 -0.4229877 0.0096360 0.1087049 -0.0939571 0.9895769
1305031465.559812 -1.3640528 0.2174350 -0.4276872 0.0248698 0.0048700 -0.0236382 0.9993993
1305031465.759766 -1.2181097 0.3250070 -0.4630209 0.0674056 -0.0404748 0.0286716 0.9964920
1305031465.959710 -1.0659635 0.4525712 -0.4844973 0.1160039 -0.0410119 0.0505957 0.9911111
1305031466.195833 -0.9748546 0.6091931 -0.5219790 0.1122838 -0.0541412 0.0498446 0.9909473
1305031466.427819 -0.8624060 0.6700076 -0.6085925 0.0988141 -0.0452391 0.0033286 0.9940715
1305031466.659688 -0.7127951 0.7227969 -0.6498160 0.0822232 -0.0526958 -0.0153295 0.9951017
1305031466.895694 -0.5917600 0.7627932 -0.6736225 0.0860621 -0.0798463 -0.0500113 0.9918250
1305031467.259694 -0.4076810 0.7850718 -0.7074878 0.0945727 -0.1454694 -0.1063395 0.9790744
1305031467.527663 -0.2816747 0.8078109 -0.7314826 0.0829246 -0.1960271 -0.1445557 0.9663336
1305031467.827800 -0.1727531 0.7464733 -0.6972162 0.1070284 -0.2275299 -0.1543817 0.9554796
1305031468.095867 -0.1212946 0.6624694 -0.5803521 0.1369926 -0.2658300 -0.1652866 0.9398126
1305031468.327847 -0.0707713 0.5135439 -0.4839524 0.1232236 -0.2737233 -0.1721001 0.9382287
1305031468.659579 -0.0715835 0.3182944 -0.4530614 0.1062491 -0.2697665 -0.1918703 0.9376156
1305031468.995711 -0.1118145 0.2152742 -0.4320172 0.1053516 -0.2688376 -0.2110712 0.9338503
1305031469.395695 -0.1589673 0.1298304 -0.3112165 -0.0024058 -0.2084774 -0.2861691 0.9352212
1305031469.727679 -0.2025691 0.2125560 -0.1833349 -0.0408525 -0.1658393 -0.2996790 0.9386271
1305031470.027694 -0.2767985 0.3497274 -0.1144306 -0.0758546 -0.1694414 -0.2743777 0.9435320
1305031470.327644 -0.3896748 0.4736189 -0.1231948 -0.1108467 -0.1625672 -0.2531090 0.9472174
1305031470.659690 -0.5151912 0.5632128 -0.1550574 -0.1251008 -0.1598340 -0.2334534 0.9509482
1305031470.927684 -0.5967118 0.5912877 -0.1666060 -0.1171272 -0.1512271 -0.2032707 0.9602565
1305031471.259722 -0.6810975 0.5723992 -0.2003829 -0.0751744 -0.1363024 -0.1565571 0.9753258
