1305031526.671473 0.0000000 0.0000000 0.0000000 0.0000000 0.0000000 0.0000000 1.0000000
1305031526.707547 0.0032136 -0.0045513 -0.0017405 0.0114741 0.0104016 0.0019780 0.9998781
1305031526.771481 0.0131853 -0.0158436 -0.0137720 0.0415962 0.0323770 0.0014469 0.9986087
1305031526.939618 -0.0076578 -0.0111520 -0.0731483 0.1494838 0.0895730 -0.0148765 0.9845862
1305031527.071487 -0.0223494 0.0072316 -0.1095818 0.2150659 0.1188238 -0.0214323 0.9691069
1305031527.171540 -0.0298126 0.0209747 -0.1266297 0.2417164 0.1326017 -0.0201659 0.9610324
1305031527.307472 -0.0446456 0.0462254 -0.1267429 0.2233536 0.1351949 -0.0120042 0.9652416
1305031527.407412 -0.0406612 0.0596537 -0.1107881 0.1962985 0.1291692 -0.0011844 0.9719984
1305031527.571506 -0.0412420 0.0756120 -0.0916898 0.1436925 0.1288183 0.0078966 0.9811707
1305031527.771461 -0.0641610 0.0794050 -0.0711515 0.0628250 0.1044609 0.0123392 0.9924660
1305031527.907477 -0.0990467 0.0867096 -0.0610006 0.0349565 0.0669956 0.0076393 0.9971115
1305031528.071546 -0.1444953 0.0867941 -0.0541182 0.0437897 -0.0182581 -0.0622895 0.9969298
1305031528.207527 -0.1960298 0.0939124 -0.0609559 0.0648037 -0.0735491 -0.1339242 0.9861315
1305031528.339593 -0.2591579 0.1157864 -0.0859695 0.0992129 -0.1338907 -0.1863849 0.9682410
1305031528.475342 -0.3093587 0.1268870 -0.1316414 0.1098228 -0.2407920 -0.2091222 0.9413958
1305031528.539626 -0.3345836 0.1449369 -0.1453235 0.1113848 -0.2968932 -0.2173174 0.9231582
1305031528.575449 -0.3240290 0.1549644 -0.1831726 0.1042743 -0.3251245 -0.2228217 0.9131109
1305031528.639487 -0.3358081 0.1658184 -0.1803606 0.0956971 -0.3721680 -0.2338173 0.8931195
1305031528.707447 -0.3390217 0.1831665 -0.1893999 0.0786361 -0.3959807 -0.2508318 0.8798290
1305031528.775443 -0.3419388 0.2086407 -0.1922653 0.0656398 -0.4056347 -0.2663604 0.8718968
1305031529.075422 -0.4030105 0.3367552 -0.2411439 -0.0579275 -0.3764226 -0.2851954 0.8795533
1305031529.275389 -0.4803111 0.4604445 -0.3058700 -0.1317464 -0.2772726 -0.2140176 0.9273399
1305031529.375399 -0.5463012 0.4870319 -0.3363503 -0.1792420 -0.2304395 -0.2108511 0.9329050
1305031529.539489 -0.6444397 0.5295655 -0.3836663 -0.1618491 -0.2065919 -0.2243874 0.9384961
1305031529.775501 -0.7545562 0.5645808 -0.4097092 -0.1742251 -0.1522116 -0.1849055 0.9551373
1305031529.939498 -0.8540657 0.5668334 -0.4095706 -0.1565698 -0.1001336 -0.1396800 0.9725989
1305031530.075443 -0.9418030 0.5597782 -0.4230918 -0.1652441 -0.0789346 -0.0910247 0.9788658
1305031530.207486 -1.0219539 0.5181188 -0.4522141 -0.1647565 -0.0731868 -0.0581461 0.9818951
1305031530.339724 -1.0980892 0.4882766 -0.5023255 -0.1361293 -0.0521871 -0.0645230 0.9872093
1305031530.539532 -1.1896259 0.4167067 -0.5747281 -0.1175185 -0.0098054 -0.0653120 0.9908721
1305031530.675401 -1.2314665 0.3646255 -0.6408030 -0.0553496 0.0621891 -0.0658920 0.9943476
1305031530.839463 -1.3399447 0.3903462 -0.7204441 0.0192113 0.1947742 -0.0261456 0.9803113
1305031531.039689 -1.5229545 0.4085152 -0.7234825 0.0093468 0.1774589 -0.0028336 0.9840797
1305031531.239619 -1.6688086 0.4452421 -0.6171173 -0.0446953 0.0693862 0.0211622 0.9963634
1305031531.375434 -1.7217228 0.4578550 -0.5415019 -0.0483765 0.0216447 0.0294900 0.9981591
1305031531.639521 -1.8761499 0.4546008 -0.4073704 -0.0350234 0.0751291 0.0572580 0.9949123
1305031531.839545 -2.0077913 0.4526053 -0.3288198 -0.0207403 0.1062422 0.0575348 0.9924576
1305031532.039675 -2.1152174 0.4710689 -0.2645846 -0.0780897 0.1417841 0.0816963 0.9834251
1305031532.239966 -2.2144775 0.4931931 -0.1831295 -0.1431240 0.1843682 0.1877969 0.9540735
1305031532.375496 -2.2789023 0.4889471 -0.1246681 -0.1821349 0.1959565 0.2574709 0.9285132
1305031532.475428 -2.3007951 0.4947516 -0.0620997 -0.1592973 0.1866568 0.2677335 0.9317201
1305031532.607434 -2.3572712 0.4599391 -0.0049393 -0.1104432 0.1998942 0.2667087 0.9363285
1305031532.839717 -2.3884025 0.4199125 0.0973799 -0.1188740 0.2777629 0.3049129 0.9031860
1305031533.039505 -2.3701978 0.3806635 0.1625669 -0.0867187 0.3379208 0.3708858 0.8606586
1305031533.175459 -2.3631079 0.3505169 0.1852092 -0.0733177 0.3815906 0.4014518 0.8293670
1305031533.339522 -2.3669512 0.2921520 0.1656457 -0.0611657 0.4198281 0.4110695 0.8068612
1305031533.575643 -2.4272771 0.2063028 0.1429550 0.0043583 0.4521957 0.4212870 0.7861407
1305031533.707501 -2.4541769 0.1935811 0.1414864 0.0143463 0.4839658 0.4347043 0.7593441
1305031533.839329 -2.4807558 0.1133080 0.1927542 0.0037636 0.5276413 0.4484298 0.7214508
1305031533.875471 -2.4979343 0.0899848 0.2214637 0.0139198 0.5189919 0.4465763 0.7287134
1305031533.907441 -2.5002379 0.0666919 0.2278863 0.0232209 0.4967009 0.4491222 0.7423195
1305031534.007323 -2.5116622 0.0332040 0.2490650 0.0614769 0.4222877 0.4296224 0.7958130
1305031534.275475 -2.5404007 -0.0441063 0.3005713 0.1554750 0.3846972 0.3409286 0.8435658
1305031534.939556 -2.4402556 -0.0638269 0.3469987 0.2339596 0.3213704 0.2473804 0.8836215
1305031535.475595 -2.5121775 -0.0899836 0.3268783 0.2354085 0.2211522 0.1986396 0.9253199
1305031536.007462 -2.4723568 0.0506914 0.3195616 0.1852139 0.2343486 0.2050140 0.9320653
1305031536.139540 -2.4502769 0.0903986 0.3092743 0.1369126 0.2658020 0.2475465 0.9215883
1305031536.307472 -2.4323573 0.1298200 0.2863809 0.0850606 0.3306624 0.3235148 0.8824768
1305031536.475492 -2.4283180 0.1681795 0.2637957 0.0579998 0.3921140 0.3943114 0.8290966
1305031536.639838 -2.4397886 0.1903891 0.2399675 0.0474782 0.3992451 0.4394158 0.8032826
1305031536.939530 -2.4600911 0.2820705 0.1909177 0.0287344 0.3944370 0.4136686 0.8200440
1305031537.107337 -2.4644642 0.3362750 0.1237366 0.0257481 0.4011534 0.3845568 0.8309808
1305031537.307646 -2.4401746 0.3888823 0.0058658 0.0158565 0.3897742 0.3391381 0.8560432
1305031537.507492 -2.4133248 0.4260296 -0.1097420 0.0091769 0.3416948 0.2787847 0.8974628
1305031537.707483 -2.3490753 0.4415047 -0.2119128 0.0145110 0.2938189 0.2351058 0.9263828
1305031537.907514 -2.2633131 0.4636146 -0.2986769 0.0394273 0.2612368 0.1803073 0.9474651
1305031538.107629 -2.1471081 0.4728025 -0.3713990 0.0408371 0.2198779 0.1575206 0.9618593
1305031538.343413 -2.0073178 0.4535787 -0.4562150 0.0929885 0.1602473 0.1036985 0.9772004
1305031538.575524 -1.8849658 0.5094103 -0.5430120 0.1370717 0.0856814 0.0550876 0.9853098
1305031538.707490 -1.8290588 0.5885590 -0.5849581 0.1115534 0.0665370 0.0350178 0.9909099
1305031538.808089 -1.7388890 0.6232445 -0.6149282 0.0569093 0.0267332 0.0406694 0.9971924
1305031538.875656 -1.6859106 0.6391938 -0.6346453 0.0215661 0.0213798 0.0283996 0.9991353
1305031539.043445 -1.5590806 0.6807497 -0.6739587 -0.0308580 0.0157956 0.0268925 0.9990371
1305031539.075515 -1.5333633 0.6876319 -0.6818900 -0.0370314 0.0149953 0.0230244 0.9989363
1305031539.207601 -1.4238493 0.7183976 -0.6981941 -0.0755129 -0.0046408 0.0052600 0.9971201
1305031539.243449 -1.3987470 0.7192564 -0.6995127 -0.0926760 -0.0167363 -0.0013148 0.9955548
1305031539.343842 -1.3073633 0.7334048 -0.6928447 -0.1381219 -0.0447881 -0.0434259 0.9884486
1305031539.475605 -1.2003963 0.7332879 -0.6926856 -0.1982033 -0.0534111 -0.1113704 0.9723473
1305031539.675458 -1.0431113 0.7188559 -0.6944696 -0.2004017 -0.1101096 -0.1687160 0.9587752
1305031539.907642 -0.8902298 0.6535173 -0.6698455 -0.1977602 -0.1852090 -0.2417926 0.9317322
1305031540.075632 -0.7644328 0.6408878 -0.6153121 -0.1597167 -0.2135753 -0.2901307 0.9190758
1305031540.243496 -0.6843529 0.5593027 -0.5829520 -0.1037208 -0.2102775 -0.2781513 0.9314812
1305031540.343456 -0.6225804 0.5254435 -0.5732806 -0.0660955 -0.2288731 -0.2499248 0.9385021
1305031540.543427 -0.5278068 0.4750277 -0.5670441 0.0137451 -0.2168544 -0.1697399 0.9612355
1305031540.643443 -0.4651645 0.4542641 -0.5750241 0.0507779 -0.1886119 -0.1412622 0.9705113
1305031540.743545 -0.4127418 0.4428621 -0.5742356 0.0738606 -0.1466829 -0.1083629 0.9804521
1305031540.807495 -0.3699855 0.4331104 -0.5670676 0.0883339 -0.1097669 -0.0868907 0.9862040
1305031540.843557 -0.3566440 0.4285219 -0.5703598 0.0923151 -0.0850279 -0.0762414 0.9891589
1305031540.943442 -0.3255706 0.4244593 -0.5840312 0.1059211 -0.0213404 -0.0438185 0.9931794
1305031540.975401 -0.3256437 0.4194074 -0.5873728 0.1082446 -0.0042573 -0.0297533 0.9936698
1305031541.243593 -0.3102686 0.4082326 -0.5953698 0.1385298 0.0553895 0.0245507 0.9885033
1305031541.475389 -0.3191378 0.3955124 -0.5719427 0.0950184 -0.0163461 -0.0000841 0.9953413
1305031541.675424 -0.3582056 0.4056293 -0.5264559 0.0647632 -0.0975575 -0.0927113 0.9887835
1305031541.943524 -0.3887656 0.3778782 -0.5162184 0.0172460 -0.2104360 -0.2906322 0.9332482
1305031542.244091 -0.4138370 0.3641600 -0.4604807 -0.0168513 -0.3332493 -0.3441976 0.8776041
1305031542.475446 -0.3987857 0.3334038 -0.3787702 -0.0492155 -0.3379420 -0.3541823 0.8705906
1305031542.707362 -0.3494726 0.2634016 -0.2817570 -0.0615096 -0.3548354 -0.3152198 0.8780347
1305031542.943449 -0.3136579 0.2046291 -0.1713682 -0.0788493 -0.3522421 -0.3205156 0.8757728
1305031543.175587 -0.2836669 0.1480959 -0.0456912 -0.1133349 -0.3731090 -0.3147872 0.8653634
1305031543.407575 -0.2636924 0.0969797 0.0211698 -0.1076622 -0.3889668 -0.2777170 0.8717723
1305031543.643400 -0.2731605 0.0793957 -0.0257401 -0.0783973 -0.4205862 -0.2939623 0.8547206
1305031543.875410 -0.2970884 0.0497874 -0.1425880 -0.0853853 -0.4356880 -0.2815747 0.8506474
1305031544.107376 -0.3145303 0.0134861 -0.2998266 -0.0835568 -0.3663506 -0.2610342 0.8891944
1305031544.407333 -0.3846533 0.0993045 -0.5332783 -0.0331240 -0.2554353 -0.2541543 0.9322345
1305031544.707411 -0.5433690 0.2159480 -0.6553833 -0.0790259 -0.2526083 -0.2750816 0.9242695
1305031545.107399 -0.7332947 0.3066060 -0.6663819 -0.0871643 -0.2276326 -0.2877748 0.9261595
1305031545.407452 -0.8708289 0.3181940 -0.6469206 -0.0716998 -0.1620665 -0.1850848 0.9666112
1305031545.675289 -0.9761286 0.3117479 -0.6256672 0.0177589 -0.1827476 -0.1477256 0.9718359
1305031546.043769 -1.0351470 0.4655296 -0.5743830 -0.0266211 -0.1510920 -0.1657269 0.9741648
1305031546.376056 -1.0072207 0.5678433 -0.5285347 -0.0957972 -0.0477446 -0.1061709 0.9885702
1305031546.707934 -0.9670693 0.6812769 -0.4773507 -0.1225022 -0.0183485 -0.0595734 0.9905087
1305031547.011984 -0.9683610 0.7117238 -0.4328290 -0.1439944 -0.0107225 -0.0694569 0.9870797
