1305031102.175304 0.0000000 0.0000000 0.0000000 0.0000000 0.0000000 0.0000000 1.0000000
1305031103.143318 -0.0193003 0.0638745 0.3362606 -0.0475519 -0.0244964 0.0030440 0.9985637
1305031104.575343 0.0062533 -0.0499664 -0.0231540 -0.0084065 -0.0268816 -0.0108545 0.9995443
1305031104.675525 0.0203560 -0.0631781 -0.0527309 0.0216273 -0.0097194 -0.0072381 0.9996926
1305031104.875350 0.0196653 -0.0447255 -0.1004727 0.0882807 0.0289148 0.0059237 0.9956583
1305031106.111327 -0.0070256 0.0441186 0.3418783 -0.0510628 0.0066057 0.0160476 0.9985446
1305031106.343258 -0.0135297 0.0669088 0.3939368 -0.0731596 -0.0033076 0.0274787 0.9969361
1305031106.511129 -0.0183141 0.0484184 0.3882754 -0.0923864 0.0035143 0.0084289 0.9956813
1305031107.975807 0.0415103 -0.0268567 0.0290793 -0.0016097 0.0163437 -0.0240241 0.9995764
1305031108.143334 0.0968122 -0.0229158 0.0454410 0.0112507 0.0431468 -0.0170229 0.9988604
1305031108.343278 0.1631917 -0.0112174 0.0660148 -0.0027914 0.0540631 -0.0121349 0.9984599
1305031108.543737 0.2484411 -0.0204183 0.0826721 -0.0187787 0.0509130 0.0150766 0.9984127
1305031108.775493 0.3274498 -0.0000351 0.0898273 -0.0195234 0.0850456 0.0289288 0.9957656
1305031109.211379 0.2602337 0.0146071 0.0723297 -0.0128390 0.0552540 0.0336390 0.9978229
1305031109.411329 0.1719103 0.0033762 0.0654291 -0.0306677 0.0194573 0.0377022 0.9986288
1305031110.543408 -0.2564360 0.0276803 0.0731353 -0.0828067 -0.0856174 -0.0522360 0.9915060
1305031111.043327 -0.2898140 0.0498210 0.0853139 -0.0899850 -0.1007875 -0.0748817 0.9879966
1305031112.743245 0.3444000 0.0178276 0.0974431 -0.0037994 0.0798720 0.0486602 0.9956095
1305031112.979278 0.3005536 0.0121721 0.1046015 -0.0260774 0.0677447 0.0463224 0.9962856
1305031113.211259 0.2180877 0.0046130 0.0935009 -0.0351021 0.0508609 0.0349589 0.9974763
1305031114.343331 -0.2761168 0.0129160 0.1018456 -0.0217141 -0.0491522 -0.0557184 0.9969995
1305031114.579237 -0.3393260 0.0118695 0.1099651 -0.0265064 -0.0766417 -0.0650750 0.9945797
1305031114.912879 -0.3477001 0.0165041 0.1098903 -0.0341284 -0.0971576 -0.0723967 0.9920455
1305031115.143275 -0.2764241 0.0338343 0.1316078 -0.0473000 -0.0792053 -0.0736917 0.9930049
1305031115.779425 0.0600542 0.0167793 0.1627980 -0.0577172 -0.0157578 0.0340963 0.9976261
1305031116.080030 0.1898928 0.0357342 0.1732916 -0.0645255 0.0525119 0.0829305 0.9930768
1305031116.379384 0.2774658 0.0224241 0.1823357 -0.0892255 0.1109722 0.1080970 0.9838898
1305031116.643355 0.2247459 0.0276660 0.1698120 -0.0780658 0.1076308 0.0973426 0.9863294
1305031116.912044 0.0842520 0.0364340 0.1558300 -0.0744909 0.0609493 0.0300144 0.9949047
1305031118.279194 -0.0549016 -0.1928470 0.2374163 -0.0731746 -0.0357849 -0.0134045 0.9965868
1305031119.679208 -0.0551929 0.1443873 0.1036972 -0.0611485 -0.0424954 -0.0220729 0.9969794
1305031120.015264 -0.0631971 0.2321141 0.0849148 -0.0863489 -0.0240742 -0.0033529 0.9959684
1305031121.583204 -0.0578339 -0.1723052 0.2218082 -0.0159083 -0.0541262 -0.0000380 0.9984074
1305031121.914931 -0.0625159 -0.2254484 0.2419787 -0.0285811 -0.0408656 0.0115024 0.9986895
1305031122.314289 -0.0662771 -0.1102626 0.2035409 -0.0304715 -0.0434923 -0.0275496 0.9982089
1305031123.250618 -0.0658054 0.1765109 0.1023974 -0.0818219 -0.0478562 -0.0162659 0.9953644
1305031123.551513 -0.0610491 0.2555192 0.0971693 -0.1141003 -0.0222428 0.0035848 0.9932137
1305031123.851444 -0.0527367 0.3097726 0.0879182 -0.1293184 -0.0117441 0.0174872 0.9913794
1305031124.182694 -0.0559172 0.2630792 0.1060322 -0.1034254 -0.0310282 0.0150532 0.9940392
1305031125.011454 -0.0523149 -0.0501268 0.1955063 -0.0382215 -0.0676134 -0.0077634 0.9969490
1305031126.847343 -0.0389126 0.1715557 0.1444094 -0.0989090 -0.0356339 0.0056443 0.9944422
