1305031102.175304 0.000000000 0.000000000 0.000000000 0.000000000 0.000000000 0.000000000 1.000000000
1305031102.211214 -0.001593450 0.008032000 0.010888838 -0.001938084 -0.002995299 -0.001704387 0.999992192
1305031102.275326 -0.003565909 0.008534643 0.035181217 -0.013218415 -0.008551499 -0.001252304 0.999875307
1305031102.311267 -0.001473991 0.006426384 0.048761327 -0.018278552 -0.011471814 -0.000170243 0.999767125
1305031102.343233 -0.002639870 0.007589440 0.060147777 -0.020052360 -0.012875619 0.001725519 0.999714553
1305031102.375329 -0.003435025 0.008203013 0.072423980 -0.022123432 -0.014726900 0.001705028 0.999645293
1305031102.411258 -0.007044643 0.013022888 0.083191745 -0.022850353 -0.016528903 0.000774801 0.999601960
1305031102.443271 -0.003068688 0.018825889 0.093648352 -0.027212961 -0.021835877 0.001764568 0.999389589
1305031102.475318 0.000507063 0.016594492 0.106466129 -0.035480544 -0.025251051 0.001527597 0.999050140
1305031102.511219 0.001328974 0.018142635 0.119651534 -0.039815970 -0.024287144 0.000042484 0.998911798
1305031102.575286 0.001797129 0.012411984 0.145115227 -0.047804590 -0.022132950 -0.002970856 0.998607039
1305031102.611233 -0.000806440 0.010091094 0.156971976 -0.045707170 -0.018366642 -0.002412322 0.998783112
1305031102.675285 -0.006205599 0.020575307 0.180026308 -0.043489948 -0.018078413 -0.000289123 0.998890221
1305031102.711263 -0.006294025 0.020454688 0.193471864 -0.044625103 -0.018497257 0.000872848 0.998832166
1305031102.743234 -0.006485975 0.028158311 0.204986498 -0.044156134 -0.018742725 0.002637103 0.998845339
1305031102.775472 -0.003606257 0.029441498 0.218667120 -0.046116047 -0.017800733 0.000760281 0.998777211
1305031102.811232 -0.006338024 0.032600123 0.230497599 -0.047064107 -0.013772069 -0.000380727 0.998796880
1305031102.843290 -0.003307137 0.034057923 0.242886052 -0.048579525 -0.011789977 -0.001239349 0.998748958
1305031102.875363 -0.008487222 0.036411513 0.254672915 -0.047747254 -0.006959827 -0.003661952 0.998828471
1305031102.911185 -0.008200641 0.040711276 0.266457379 -0.046607733 -0.006041110 -0.004960572 0.998882651
1305031102.975203 -0.023036722 0.046667602 0.286788195 -0.046710968 -0.008089381 -0.006647280 0.998853564
1305031103.011215 -0.021602362 0.050366644 0.298100054 -0.047452964 -0.015230503 -0.003809896 0.998750091
1305031103.043227 -0.023001861 0.053743385 0.309066266 -0.048894715 -0.020708941 -0.001700706 0.998587728
1305031103.075319 -0.018169435 0.052611418 0.320798397 -0.049698245 -0.025142357 0.000748791 0.998447478
1305031103.111240 -0.018977387 0.060917586 0.327691734 -0.046737775 -0.024479400 0.002121207 0.998604894
1305031103.143318 -0.019300347 0.063874520 0.336260557 -0.047551889 -0.024496360 0.003044006 0.998563707
1305031103.175452 -0.020453457 0.070023909 0.343730390 -0.046968710 -0.022595132 0.003411012 0.998634934
1305031103.243216 -0.021528468 0.079082221 0.359499097 -0.057792716 -0.022513716 0.008697276 0.998036802
1305031103.275370 -0.027171228 0.080334455 0.364740521 -0.066850886 -0.023455199 0.011982547 0.997415245
1305031103.311210 -0.026630480 0.074508987 0.370994061 -0.075240731 -0.032978479 0.011902510 0.996548831
1305031103.343223 -0.020408299 0.076923393 0.373189807 -0.075270809 -0.038931921 0.011749213 0.996333539
1305031103.375327 -0.018240318 0.075119458 0.373645335 -0.079441980 -0.038117625 0.013721881 0.996015906
1305031103.411260 -0.019349778 0.071028315 0.373510748 -0.081888296 -0.037266776 0.014901408 0.995833039
1305031103.443280 -0.021508496 0.068136014 0.368860960 -0.082343213 -0.038584553 0.014502425 0.995751202
1305031103.475274 -0.021633577 0.064829245 0.364670545 -0.082108825 -0.041008059 0.012111066 0.995705724
1305031103.511333 -0.019981772 0.058617719 0.358089119 -0.080959052 -0.043085955 0.010290870 0.995732546
1305031103.543444 -0.018859649 0.053294979 0.350176245 -0.077382408 -0.044805620 0.008445919 0.995958388
1305031103.575474 -0.021419924 0.051340077 0.340091437 -0.072588138 -0.045036934 0.008473019 0.996308625
1305031103.611223 -0.021424424 0.046592966 0.330714554 -0.070594124 -0.048401598 0.009843589 0.996281505
1305031103.643445 -0.021756608 0.042417668 0.318940371 -0.067637607 -0.052011229 0.009571266 0.996307373
1305031103.675523 -0.017113833 0.038645957 0.308292180 -0.065368503 -0.056069657 0.011194498 0.996221781
1305031103.711610 -0.014451435 0.034880441 0.295929760 -0.063060962 -0.057574119 0.011242210 0.996284187
1305031103.743326 -0.012317944 0.027168714 0.283061087 -0.061754540 -0.057576150 0.010287865 0.996376216
1305031103.775342 -0.011908125 0.025237916 0.268360883 -0.058102548 -0.056914601 0.007068032 0.996661842
1305031103.811242 -0.011261003 0.023052962 0.256078839 -0.058601629 -0.055824161 0.003996437 0.996711373
1305031103.843251 -0.012611378 0.024942301 0.242214948 -0.060076341 -0.055556145 0.001631703 0.996645212
1305031103.875361 -0.015051718 0.012175744 0.232330903 -0.069187336 -0.057460632 -0.001531770 0.995946288
1305031103.911221 -0.013643362 0.009453790 0.214590728 -0.065930262 -0.061523829 -0.004026220 0.995917559
1305031103.943211 -0.011261903 0.004159532 0.201015905 -0.065273248 -0.064513288 -0.004184794 0.995770991
1305031103.975373 -0.007336332 -0.001545222 0.188083619 -0.063894823 -0.067391410 -0.005277808 0.995664597
1305031104.011232 -0.003119994 -0.010074152 0.178667173 -0.061821297 -0.068109691 -0.005289263 0.995746553
1305031104.043249 -0.000554776 -0.013186127 0.162456200 -0.054553151 -0.064874373 -0.007570534 0.996372402
1305031104.075425 0.002101915 -0.012618085 0.147213951 -0.049888987 -0.060573094 -0.009866911 0.996867418
1305031104.111235 0.009421758 -0.019873664 0.135384709 -0.048252076 -0.057493009 -0.011217934 0.997116029
1305031104.143230 0.006845552 -0.023650125 0.120209850 -0.043266769 -0.050638810 -0.012534003 0.997700632
1305031104.175424 0.005600017 -0.025478464 0.106292620 -0.038826440 -0.046846639 -0.013373794 0.998057604
1305031104.211283 0.006688854 -0.032273069 0.092494570 -0.035922483 -0.044330433 -0.013636512 0.998277664
1305031104.243196 0.007597141 -0.033126205 0.079702757 -0.030699832 -0.042127226 -0.013504449 0.998549163
1305031104.275546 0.008227129 -0.035325427 0.065685794 -0.026177743 -0.039368164 -0.014489182 0.998776674
1305031104.311219 0.008253954 -0.036185212 0.054686844 -0.022297353 -0.036008447 -0.014900551 0.998991609
1305031104.343342 0.011218059 -0.036410373 0.043280941 -0.018903315 -0.032691166 -0.015125392 0.999172270
1305031104.375837 0.012867004 -0.037108533 0.032784428 -0.017066145 -0.028389696 -0.014438644 0.999346972
1305031104.411509 0.008334478 -0.037883591 0.021950353 -0.015634380 -0.023181684 -0.014120550 0.999509275
1305031104.443288 0.002305894 -0.036784280 0.010990512 -0.014456044 -0.020149041 -0.013897539 0.999595881
1305031104.475456 0.000077802 -0.039981402 0.001394493 -0.015639281 -0.021334037 -0.012850279 0.999567449
1305031104.511329 -0.001191763 -0.042305417 -0.006876109 -0.014687469 -0.023753431 -0.012205960 0.999535441
1305031104.543368 -0.000211693 -0.045090765 -0.016363172 -0.011832486 -0.025692388 -0.011479928 0.999533951
1305031104.575343 0.006253339 -0.049966343 -0.023153966 -0.008406497 -0.026881581 -0.010854459 0.999544382
1305031104.611336 0.015832808 -0.060475383 -0.028409505 -0.001452203 -0.024792096 -0.008582762 0.999654710
1305031104.643243 0.016654020 -0.055692151 -0.041479908 0.012302428 -0.017053409 -0.008574012 0.999742150
1305031104.675525 0.020355994 -0.063178055 -0.052730858 0.021627324 -0.009719388 -0.007238114 0.999692619
1305031104.711277 0.019093812 -0.063295618 -0.064126924 0.035480652 -0.001703659 -0.005631031 0.999353051
1305031104.743280 0.023123512 -0.063355334 -0.074073069 0.048623603 0.004552538 -0.003124512 0.998801887
1305031104.775327 0.022756523 -0.060961336 -0.080999494 0.061069954 0.011851553 -0.000968383 0.998062611
1305031104.811465 0.026650917 -0.056851424 -0.087692529 0.072349459 0.017494179 0.001490454 0.997224808
1305031104.843258 0.023776898 -0.051878799 -0.095222488 0.081435591 0.025190249 0.003995611 0.996352196
1305031104.875350 0.019665265 -0.044725537 -0.100472696 0.088280670 0.028914839 0.005923650 0.995658219
1305031104.911534 0.022120070 -0.041943677 -0.102072455 0.090726972 0.029276870 0.008357594 0.995410264
1305031104.943262 0.021107135 -0.039601147 -0.101500534 0.091900520 0.030274773 0.009080204 0.995266438
1305031104.975202 0.020332303 -0.032987937 -0.098911725 0.091793321 0.029426182 0.009761365 0.995295346
1305031105.011290 0.022441449 -0.027533747 -0.091122106 0.088020496 0.028241528 0.010795431 0.995659709
1305031105.043373 0.020664837 -0.023109917 -0.082469568 0.083038017 0.028076880 0.009739369 0.996103168
1305031105.075320 0.020802338 -0.024066063 -0.072202034 0.075496197 0.026950736 0.007561337 0.996753156
1305031105.111299 0.015876448 -0.029070117 -0.063250080 0.068361446 0.027191063 0.005317366 0.997275829
1305031105.143106 0.010979706 -0.015398709 -0.050312076 0.064845271 0.025128691 0.003516909 0.997572720
1305031105.175159 0.008075895 -0.009153692 -0.035058416 0.052534468 0.021867299 0.000822254 0.998379290
1305031105.211268 0.002917184 -0.018807497 -0.023319524 0.037996266 0.018977553 -0.002103737 0.999095440
1305031105.243270 -0.003827153 -0.014385175 -0.008350964 0.030731114 0.014654743 -0.004498286 0.999410093
1305031105.275288 -0.007546681 -0.008627162 0.004917911 0.021556254 0.008671104 -0.005468652 0.999715090
1305031105.311290 -0.011367712 -0.013607947 0.017394468 0.009947353 0.001795901 -0.006753159 0.999926090
1305031105.343302 -0.011255713 -0.015611081 0.032282863 0.001755413 -0.004971924 -0.006725015 0.999963462
1305031105.375338 -0.010272975 -0.018447798 0.043317374 -0.002702001 -0.010535080 -0.006415267 0.999920249
1305031105.411286 -0.012450467 -0.010227040 0.058497194 -0.006478890 -0.015080827 -0.006866423 0.999841690
1305031105.443316 -0.013995437 -0.015141667 0.073192783 -0.014825738 -0.019086093 -0.007825864 0.999677300
1305031105.475280 -0.014298880 -0.013862800 0.085830726 -0.018167503 -0.022544745 -0.007754492 0.999550700
1305031105.511332 -0.010927387 -0.011538718 0.100584939 -0.022593470 -0.026534759 -0.007177264 0.999366760
1305031105.543282 -0.011698086 -0.013349054 0.115341894 -0.027354477 -0.027141390 -0.006229506 0.999237895
1305031105.575449 -0.015499685 -0.010472720 0.128339216 -0.029725907 -0.027422188 -0.006642319 0.999159753
1305031105.611378 -0.011606696 -0.013626691 0.144248068 -0.033565260 -0.029703174 -0.005374569 0.998980582
1305031105.643273 -0.014577670 -0.010642871 0.158296660 -0.033564448 -0.029139100 -0.002667336 0.999008119
1305031105.711309 -0.007173995 -0.011099947 0.188754320 -0.035896797 -0.030252190 -0.001552360 0.998896301
1305031105.743312 -0.006832178 -0.003686646 0.201220319 -0.032594003 -0.026361665 -0.001466738 0.999119878
1305031105.775339 -0.003565391 -0.005581674 0.216868266 -0.034389570 -0.022787234 -0.001296869 0.999147832
1305031105.811283 -0.004766200 -0.002422282 0.231639594 -0.032385159 -0.017439198 -0.000397774 0.999323249
1305031105.843271 -0.001314202 0.001405453 0.244062275 -0.029951861 -0.014925689 0.000215897 0.999439836
1305031105.875337 -0.001368893 0.008478481 0.256451517 -0.028216561 -0.009537048 0.002105873 0.999554098
1305031105.911262 -0.002535599 0.012883794 0.270214319 -0.030469382 -0.005068334 0.006782301 0.999499798
1305031105.943272 -0.002501054 0.018412143 0.282576025 -0.032334734 -0.001741310 0.009008751 0.999434948
1305031105.975329 -0.002682294 0.023665253 0.295437843 -0.036115356 0.000469567 0.010741913 0.999289751
1305031106.011285 -0.001863507 0.028320212 0.308279783 -0.039779734 0.002464989 0.012255377 0.999130249
1305031106.043355 -0.003993517 0.031440783 0.320052177 -0.044541590 0.005348214 0.013300114 0.998904705
1305031106.075330 -0.005646758 0.035667300 0.331624538 -0.048103083 0.006505539 0.014822306 0.998711228
1305031106.111327 -0.007025572 0.044118628 0.341878265 -0.051062770 0.006605659 0.016047588 0.998544633
1305031106.143355 -0.008845063 0.044763703 0.353306830 -0.058826316 0.005403679 0.018140871 0.998088717
1305031106.175534 -0.010205254 0.047367278 0.363004833 -0.062561311 0.004115880 0.018753383 0.997856438
1305031106.211275 -0.011670760 0.045983266 0.372464001 -0.067070916 0.003129414 0.019578377 0.997551203
1305031106.243267 -0.013128613 0.049999073 0.380716532 -0.066256516 0.001955996 0.023052240 0.997534394
1305031106.276385 -0.014024253 0.055976868 0.386756122 -0.066459849 0.000210822 0.024011565 0.997500122
1305031106.311238 -0.013587252 0.059572849 0.392147183 -0.069827646 -0.001443767 0.027716625 0.997172892
1305031106.343258 -0.013529686 0.066908799 0.393936783 -0.073159575 -0.003307585 0.027478684 0.996936142
1305031106.375388 -0.009442421 0.068509452 0.396658391 -0.081638739 -0.004986454 0.020140268 0.996446013
1305031106.411320 -0.007389177 0.060280748 0.398035198 -0.091066264 -0.000463174 0.014886992 0.995733440
1305031106.443278 -0.012501673 0.056168891 0.396703273 -0.092936933 0.005412859 0.010300960 0.995603979
1305031106.475345 -0.015507866 0.053685192 0.393390745 -0.093015499 0.005518995 0.008824640 0.995610297
1305031106.511129 -0.018314052 0.048418410 0.388275415 -0.092386439 0.003514336 0.008428934 0.995681345
1305031106.543302 -0.016777391 0.045674071 0.378737628 -0.089232117 -0.001226383 0.007517031 0.995981753
1305031106.575282 -0.016385362 0.043293267 0.368207663 -0.086170271 -0.003258414 0.006591966 0.996253312
1305031106.611151 -0.017095972 0.042069808 0.356870562 -0.085496761 -0.006496838 0.003555862 0.996310949
1305031106.643207 -0.016499467 0.035006583 0.346177638 -0.086585596 -0.009446218 0.001410823 0.996198654
1305031106.675279 -0.020749502 0.035747841 0.332535267 -0.082736857 -0.010860900 0.001264127 0.996511459
1305031106.711508 -0.021349300 0.030864183 0.320568889 -0.085105300 -0.016776331 0.000454262 0.996230602
1305031106.743341 -0.021161484 0.027329938 0.305534810 -0.083638884 -0.023374816 0.001116880 0.996221304
1305031106.775390 -0.018640991 0.022887977 0.289545149 -0.083302535 -0.030291902 0.001406304 0.996062815
1305031106.811289 -0.016714128 0.021583695 0.275296807 -0.083462857 -0.034829684 0.001202178 0.995901287
1305031106.843416 -0.015141868 0.011452258 0.261973470 -0.086099200 -0.039516132 -0.000246413 0.995502532
1305031106.875905 -0.012672212 0.006762832 0.244032174 -0.080411576 -0.042339988 -0.003670188 0.995855331
1305031106.911243 -0.013707345 0.006240267 0.226142228 -0.076281868 -0.040687926 -0.007931353 0.996224165
1305031106.943439 -0.012548573 -0.000058565 0.211059064 -0.075165600 -0.040085565 -0.012283601 0.996289313
1305031106.975547 -0.011454469 -0.008519169 0.194359735 -0.070420317 -0.038083438 -0.015327899 0.996672332
1305031107.011576 -0.012557650 -0.004235018 0.173161596 -0.061725210 -0.034744315 -0.019084075 0.997305691
1305031107.043281 -0.012045521 -0.011100117 0.158163324 -0.062861659 -0.032871149 -0.021619283 0.997246444
1305031107.075432 -0.016276741 -0.017901549 0.141836941 -0.058877472 -0.030462533 -0.022450920 0.997547686
1305031107.111229 -0.014124077 -0.017340632 0.125598043 -0.053313933 -0.031721108 -0.022724163 0.997815132
1305031107.143260 -0.010733802 -0.017191010 0.110403985 -0.051035438 -0.031619042 -0.022832252 0.997934997
1305031107.175399 -0.008509409 -0.026882034 0.097877368 -0.050941449 -0.030722227 -0.023694469 0.997947752
1305031107.211358 -0.007444700 -0.030991741 0.083773322 -0.044762414 -0.028396707 -0.025394643 0.998271048
1305031107.243378 -0.005872751 -0.030958576 0.069284357 -0.037988812 -0.025373127 -0.025660900 0.998626351
1305031107.275398 -0.003311715 -0.035235766 0.058046833 -0.033003960 -0.022506539 -0.025685344 0.998871624
1305031107.311226 -0.003334462 -0.040716611 0.047958821 -0.026694294 -0.018597955 -0.026686637 0.999114275
1305031107.343509 0.000555001 -0.046538085 0.035382017 -0.016338719 -0.015468094 -0.027268341 0.999374926
1305031107.375413 0.001514898 -0.040504176 0.024248073 -0.005500039 -0.010440932 -0.027034089 0.999564886
1305031107.411271 0.002948247 -0.041320615 0.016404064 0.000997406 -0.005574583 -0.028235957 0.999585271
1305031107.443419 0.007435183 -0.040519588 0.009329263 0.006355733 -0.001977602 -0.027738238 0.999593079
1305031107.475377 0.009845822 -0.040552422 0.005387112 0.009539971 0.002444234 -0.026408101 0.999602735
1305031107.511352 0.009320804 -0.035004843 0.002741196 0.012181988 0.006579424 -0.026314467 0.999557853
1305031107.543605 0.015424564 -0.034600310 0.003265018 0.009820107 0.007955255 -0.023654865 0.999640286
1305031107.575454 0.018876791 -0.041776527 0.005333522 0.007624009 0.009297810 -0.020640764 0.999714673
1305031107.611271 0.018689392 -0.033274528 0.004144310 0.010145976 0.011473722 -0.019593202 0.999690711
1305031107.643323 0.020243572 -0.033621173 0.005411488 0.006438120 0.012593023 -0.018503126 0.999728799
1305031107.675568 0.019123502 -0.031884186 0.008726404 0.005626758 0.013479820 -0.017712668 0.999736428
1305031107.711307 0.018250000 -0.027736628 0.011533979 0.004849691 0.013440236 -0.016263675 0.999765635
1305031107.743538 0.015639983 -0.022437805 0.012195329 0.002819540 0.012683420 -0.015802139 0.999790668
1305031107.775802 0.015933732 -0.022853598 0.016395103 -0.000147940 0.009752743 -0.017446114 0.999800205
1305031107.811596 0.017628893 -0.021504315 0.018327827 -0.002446261 0.007518881 -0.017229700 0.999820292
1305031107.843332 0.018623350 -0.021085097 0.017607721 -0.004877625 0.007217410 -0.018484207 0.999791205
1305031107.875358 0.023568699 -0.024902526 0.021200862 -0.006661852 0.007428646 -0.021799032 0.999712586
1305031107.911541 0.029500067 -0.023324674 0.023929073 -0.005159917 0.009410208 -0.023424022 0.999668002
1305031107.943122 0.033985227 -0.025262974 0.027221018 -0.003735560 0.012752288 -0.024461132 0.999612451
1305031107.975807 0.041510347 -0.026856663 0.029079262 -0.001609696 0.016343681 -0.024024123 0.999576509
1305031108.011320 0.049932402 -0.025259495 0.032312810 0.002562365 0.020740505 -0.026048500 0.999442220
1305031108.043418 0.064710759 -0.022344340 0.033524252 0.005601645 0.025792807 -0.024248604 0.999357462
1305031108.075352 0.072769791 -0.026549641 0.039458383 0.005595533 0.035543911 -0.018269857 0.999185443
1305031108.111378 0.081525125 -0.028050127 0.042822368 0.007961991 0.041404702 -0.018653179 0.998936594
1305031108.143334 0.096812174 -0.022915833 0.045441046 0.011250658 0.043146789 -0.017022867 0.998860359
1305031108.176058 0.105045177 -0.016630165 0.048915129 0.010889931 0.047517080 -0.013923693 0.998714030
1305031108.211475 0.117491812 -0.019228082 0.053821981 0.005259214 0.048293345 -0.014635791 0.998712122
1305031108.243347 0.136277035 -0.024312591 0.059261542 0.003400663 0.049193129 -0.016189435 0.998652279
1305031108.275358 0.145869926 -0.017759098 0.060068801 0.005366252 0.053670485 -0.016155843 0.998413563
1305031108.311332 0.152598172 -0.014884660 0.062952526 0.001831967 0.055986002 -0.014629466 0.998322666
1305031108.343278 0.163191721 -0.011217420 0.066014826 -0.002791388 0.054063074 -0.012134877 0.998459876
1305031108.375410 0.172562063 -0.009248401 0.069357887 -0.007748191 0.051316969 -0.006677340 0.998630047
1305031108.411361 0.185131073 -0.008880013 0.074113742 -0.012802366 0.047295757 -0.000959645 0.998798430
1305031108.443610 0.199006677 -0.007053986 0.076078847 -0.016793156 0.045280211 0.005769447 0.998816490
1305031108.475471 0.213376820 -0.010321726 0.080215253 -0.020603839 0.044156160 0.012370575 0.998735547
1305031108.511378 0.229538724 -0.016157277 0.085171230 -0.021758340 0.046735529 0.016051313 0.998541296
1305031108.543737 0.248441100 -0.020418275 0.082672149 -0.018778676 0.050912950 0.015076595 0.998412669
1305031108.575414 0.258160561 -0.011294109 0.082130879 -0.012713674 0.055832468 0.013168232 0.998272359
1305031108.611407 0.275330245 -0.011375342 0.085577361 -0.013218046 0.059824992 0.014595883 0.998014629
1305031108.643303 0.286692739 -0.008301294 0.085061416 -0.012441960 0.065322772 0.016410654 0.997651637
1305031108.675375 0.299310237 -0.000752668 0.085174561 -0.013472823 0.069982640 0.019599827 0.997264624
1305031108.711411 0.311033219 -0.000368227 0.091442905 -0.017150672 0.076956622 0.024840239 0.996577382
1305031108.743502 0.317853361 -0.005410529 0.092136562 -0.020323815 0.082846247 0.025136035 0.996037960
1305031108.775493 0.327449828 -0.000035066 0.089827269 -0.019523386 0.085045636 0.028928783 0.995765626
1305031108.811244 0.327952027 -0.002643107 0.092672721 -0.021927876 0.089965262 0.033581614 0.995136976
1305031108.843264 0.330234915 -0.004896276 0.090928905 -0.021365989 0.089918271 0.039438229 0.994938552
1305031108.876515 0.329030395 -0.005187031 0.090769395 -0.019768002 0.088286549 0.044856671 0.994888246
1305031108.911364 0.328152567 -0.010339227 0.090359412 -0.018020401 0.085354030 0.049917616 0.994936287
1305031108.943243 0.322234273 -0.012331311 0.088138692 -0.013856175 0.083435170 0.050557379 0.995133460
1305031108.975268 0.319789559 -0.006027860 0.082876563 -0.008461924 0.077347964 0.049270947 0.995750010
1305031109.011269 0.320208043 -0.006860573 0.080717772 -0.009218501 0.072618961 0.047183663 0.996200383
1305031109.043277 0.312308818 -0.008293614 0.076478772 -0.008515188 0.072282590 0.045534965 0.996307850
1305031109.075410 0.304033130 0.000475132 0.073981315 -0.007607235 0.069806151 0.039933685 0.996731937
1305031109.111282 0.296134204 -0.003415532 0.074531659 -0.012726404 0.068557598 0.036855459 0.996884942
1305031109.143334 0.273969173 -0.007438661 0.080502614 -0.014552820 0.070417635 0.033066604 0.996863186
1305031109.175464 0.267169386 0.000825723 0.077258967 -0.011935314 0.062441822 0.031204324 0.997489274
1305031109.211379 0.260233730 0.014607126 0.072329745 -0.012838980 0.055253975 0.033638977 0.997822940
1305031109.243290 0.249667466 0.012661666 0.072791778 -0.021845559 0.052303836 0.039353613 0.997616351
1305031109.275308 0.231143922 -0.003179455 0.076467149 -0.028556935 0.051301900 0.042943012 0.997350752
1305031109.311329 0.210647747 0.001262032 0.074746251 -0.024966890 0.044697106 0.042930596 0.997765422
1305031109.343248 0.196645990 0.007150022 0.068676397 -0.025769725 0.035152309 0.042274751 0.998154819
1305031109.375397 0.187203303 0.003068864 0.066659331 -0.029981503 0.025711462 0.041479379 0.998358428
1305031109.411329 0.171910271 0.003376193 0.065429069 -0.030667705 0.019457299 0.037702195 0.998628795
1305031109.443302 0.160805672 0.008438634 0.062061645 -0.032452352 0.013623167 0.032248009 0.998860002
1305031109.475363 0.149086818 0.004747918 0.062522575 -0.036442917 0.011068859 0.028858053 0.998857677
1305031109.511273 0.136399433 0.000797225 0.061034117 -0.037270352 0.008863623 0.024949025 0.998954415
1305031109.543294 0.122475334 0.000937492 0.057225943 -0.034748163 0.007860463 0.022412088 0.999113858
1305031109.575362 0.107817553 0.004822742 0.054834206 -0.033324338 0.007987081 0.022067726 0.999168992
1305031109.611310 0.091646351 0.003625435 0.052262973 -0.034022413 0.007725384 0.019586070 0.999199271
1305031109.643229 0.080536872 0.005763653 0.051267061 -0.034193069 0.006362513 0.018903030 0.999216199
1305031109.675263 0.065749317 0.008241688 0.049690645 -0.035837959 0.006244235 0.020672817 0.999124289
1305031109.711312 0.053360831 0.011376606 0.049268432 -0.037827455 0.002912775 0.019945929 0.999080956
1305031109.743274 0.039496657 0.009879410 0.047501005 -0.043274201 0.000328084 0.019163687 0.998879373
1305031109.775277 0.029816542 0.008582568 0.048258588 -0.046731833 -0.001976547 0.019874137 0.998707771
1305031109.811371 0.015666893 0.013083819 0.049527716 -0.047483232 -0.002865532 0.018708400 0.998692751
1305031109.843296 0.001723233 0.014058927 0.050824128 -0.050716415 -0.005159824 0.017867615 0.998539925
1305031109.875306 -0.012581974 0.014702175 0.054523174 -0.054547928 -0.008270172 0.017295728 0.998327076
1305031109.911265 -0.028545626 0.010083990 0.055592094 -0.057053603 -0.013463386 0.010901837 0.998220801
1305031109.943299 -0.039425660 0.019373963 0.059112169 -0.056635011 -0.016953770 0.008333509 0.998216212
1305031109.975258 -0.054505143 0.017121322 0.061850145 -0.061540086 -0.018305793 0.002808547 0.997932792
1305031110.011256 -0.068748280 0.018821452 0.065343834 -0.063362814 -0.020363897 -0.004276220 0.997773588
1305031110.043299 -0.081277251 0.018489450 0.066836812 -0.066204004 -0.021377316 -0.011237958 0.997513771
1305031110.075319 -0.095868021 0.024032652 0.070676558 -0.066503704 -0.020941336 -0.016667858 0.997427106
1305031110.111325 -0.108441196 0.021682005 0.072578266 -0.072169431 -0.022721814 -0.021077266 0.996910751
1305031110.143432 -0.122571476 0.018030260 0.076193914 -0.074346833 -0.025543684 -0.025091812 0.996589422
1305031110.175641 -0.137115359 0.026366625 0.075786166 -0.073541380 -0.027730359 -0.026554989 0.996552825
1305031110.211637 -0.147869036 0.021936961 0.078397132 -0.078843325 -0.030995859 -0.028339425 0.996001959
1305031110.243323 -0.156575412 0.018456955 0.079695165 -0.080340542 -0.035915155 -0.027553186 0.995739043
1305031110.279321 -0.166189760 0.016920902 0.081441939 -0.079256155 -0.039977942 -0.028425749 0.995646656
1305031110.311404 -0.177062392 0.019577362 0.079233691 -0.075635865 -0.043205030 -0.029674670 0.995756984
1305031110.343355 -0.186848029 0.023595573 0.079638407 -0.073721960 -0.048490629 -0.030765826 0.995624006
1305031110.379281 -0.197977096 0.022756346 0.078864932 -0.073317379 -0.053975664 -0.033592861 0.995280206
1305031110.411469 -0.212433577 0.029165110 0.075927466 -0.071646452 -0.059030499 -0.036778886 0.995002210
1305031110.443260 -0.224922732 0.028965959 0.073352702 -0.076362334 -0.064215057 -0.040652271 0.994179368
1305031110.479331 -0.235621780 0.026216980 0.077596858 -0.080078736 -0.072026491 -0.046547104 0.993092597
1305031110.511429 -0.248895586 0.027801976 0.075903296 -0.080026418 -0.078194730 -0.049775176 0.992473543
1305031110.543408 -0.256435961 0.027680347 0.073135324 -0.082806721 -0.085617356 -0.052236002 0.991505980
1305031110.579426 -0.266764462 0.032891747 0.071694762 -0.085896663 -0.090922475 -0.057724487 0.990465939
1305031110.611307 -0.277187735 0.032256499 0.077185526 -0.089739300 -0.094170816 -0.062141001 0.989554048
1305031110.643418 -0.285043478 0.030565906 0.079693034 -0.088603362 -0.096655115 -0.064068042 0.989293933
1305031110.679606 -0.295494795 0.036226954 0.073444307 -0.087555334 -0.097372115 -0.067220494 0.989107728
1305031110.711412 -0.300500512 0.038521048 0.080073550 -0.089863226 -0.100042284 -0.068867356 0.988520801
1305031110.743249 -0.304073989 0.033690073 0.078685284 -0.092153616 -0.102440454 -0.069353521 0.988030255
1305031110.779193 -0.307794303 0.040329117 0.079693131 -0.089814022 -0.103896499 -0.070883304 0.987985075
1305031110.811386 -0.312229395 0.039404292 0.077877723 -0.091025889 -0.103663199 -0.072838642 0.987756431
1305031110.843218 -0.314274669 0.040895946 0.080319345 -0.092141688 -0.106216952 -0.074977703 0.987221479
1305031110.879313 -0.312718660 0.041319013 0.082436576 -0.091745280 -0.108706370 -0.074840613 0.986997783
1305031110.911333 -0.313290447 0.041789632 0.082168981 -0.092488259 -0.109481953 -0.075424299 0.986798227
1305031110.943862 -0.307919264 0.044864424 0.083505660 -0.091156617 -0.112464152 -0.076237731 0.986524224
1305031110.979345 -0.304036826 0.046199806 0.081856534 -0.091093965 -0.110623188 -0.077788152 0.986617148
1305031111.011431 -0.295010269 0.047320031 0.085708752 -0.092051283 -0.106972590 -0.077647649 0.986941874
1305031111.043327 -0.289813966 0.049820974 0.085313894 -0.089985028 -0.100787461 -0.074881651 0.987996638
1305031111.079283 -0.282442898 0.050628565 0.083505005 -0.092003278 -0.098346069 -0.072663344 0.988222420
1305031111.111508 -0.273513645 0.047770448 0.088959992 -0.093898557 -0.096528560 -0.068827212 0.988497913
1305031111.143257 -0.265702844 0.044582538 0.088299930 -0.092989035 -0.093359157 -0.067132980 0.989004672
1305031111.179326 -0.253545791 0.048653480 0.089823902 -0.088609539 -0.090339787 -0.068766050 0.989574790
1305031111.211433 -0.242630765 0.048280288 0.088575542 -0.087124877 -0.081891157 -0.065486401 0.990663707
1305031111.243236 -0.233082503 0.041947864 0.089496747 -0.088470183 -0.079742000 -0.063562527 0.990845144
1305031111.279308 -0.217022136 0.037785105 0.092702240 -0.085011236 -0.079881676 -0.062243458 0.991220355
1305031111.311547 -0.212241530 0.042204849 0.084295712 -0.080567345 -0.072459839 -0.058457341 0.992391706
1305031111.343397 -0.199513122 0.037972223 0.083153576 -0.085889928 -0.076988794 -0.057303999 0.991671264
1305031111.379134 -0.179600328 0.029969459 0.092427514 -0.087113082 -0.082661718 -0.053373892 0.991327167
1305031111.411296 -0.173831925 0.032228831 0.084763899 -0.082047388 -0.080949083 -0.052127950 0.991966784
1305031111.443386 -0.159773618 0.034629479 0.090415530 -0.081021048 -0.086825080 -0.058191095 0.991216838
1305031111.479259 -0.115982093 0.023393933 0.094592944 -0.081210718 -0.091326207 -0.055131320 0.990971684
1305031111.511264 -0.105757184 0.019841192 0.091532513 -0.078249261 -0.079565339 -0.054224916 0.992273211
1305031111.543250 -0.100214250 0.021696944 0.093539484 -0.072837807 -0.070078239 -0.054288927 0.993396401
1305031111.579237 -0.078781724 0.018948898 0.083216101 -0.070911802 -0.062452629 -0.046039209 0.994460464
1305031111.611271 -0.084836900 0.021653228 0.089039825 -0.070501059 -0.053080935 -0.041735325 0.995223701
1305031111.643395 -0.056388058 0.011179990 0.094393872 -0.070172898 -0.059499443 -0.033045296 0.995210350
1305031111.679320 -0.034126371 0.014464322 0.087415248 -0.064391255 -0.054081976 -0.025145574 0.996140838
1305031111.711760 -0.018507173 0.017393084 0.095994443 -0.062851347 -0.047909826 -0.023690168 0.996590734
1305031111.743386 0.004913837 0.017160907 0.101861499 -0.058749676 -0.040223580 -0.019722197 0.997267067
1305031111.779423 0.013611672 0.018248197 0.095225327 -0.054863349 -0.018700087 -0.016213195 0.998187065
1305031111.811406 0.025278796 0.014419628 0.101347305 -0.053508297 -0.005931551 -0.015124919 0.998435259
1305031111.843299 0.036154464 0.018038936 0.097509444 -0.048661366 0.005044832 -0.012580353 0.998723388
1305031111.879442 0.042124916 0.017235681 0.094731286 -0.049520705 0.013362149 -0.009157180 0.998641729
1305031111.911354 0.047132138 0.010820191 0.097144999 -0.050655182 0.015052387 -0.003253470 0.998597443
1305031111.943300 0.062913738 0.015057031 0.097756915 -0.047188297 0.009986254 0.005399120 0.998821497
1305031111.979449 0.086472087 0.016539298 0.098007999 -0.045932241 0.008591132 0.012844973 0.998825014
1305031112.011433 0.102117710 0.013501233 0.098189510 -0.044656888 0.015145579 0.012083805 0.998814464
1305031112.043270 0.120661013 0.011365660 0.093651615 -0.041902490 0.021248290 0.010504819 0.998840511
1305031112.079339 0.144446209 0.009401811 0.095430478 -0.040452559 0.028108640 0.010897335 0.998726547
1305031112.111423 0.138912514 0.012287267 0.095735773 -0.036579214 0.042562060 0.004710861 0.998412848
1305031112.144342 0.156508654 0.010395270 0.092901647 -0.036824856 0.046115946 -0.001350120 0.998256207
1305031112.179390 0.173342481 0.009906605 0.091649622 -0.039263759 0.056951534 -0.003810523 0.997597277
1305031112.211254 0.186241701 0.004510311 0.098353177 -0.040129051 0.066140175 -0.010013252 0.996952772
1305031112.243369 0.197446644 -0.001101782 0.101635821 -0.036287669 0.075753883 -0.015036077 0.996352613
1305031112.279353 0.205011740 0.001748572 0.101553395 -0.029403219 0.082712464 -0.017464947 0.995986462
1305031112.311312 0.217742920 -0.004839192 0.101440199 -0.025233373 0.083801799 -0.018887619 0.995983839
1305031112.343323 0.224413678 -0.003727039 0.103116781 -0.018184178 0.085722402 -0.018365504 0.995983779
1305031112.379360 0.237789482 -0.003040761 0.101168424 -0.013634671 0.083090469 -0.012942787 0.996364653
1305031112.411442 0.255540639 0.000809541 0.097251415 -0.009606964 0.077988975 -0.007411505 0.996880352
1305031112.443391 0.271213591 -0.002163516 0.098772347 -0.008101596 0.075467668 -0.000470485 0.997115195
1305031112.479418 0.277638346 -0.001026677 0.097233251 -0.004441461 0.075147241 0.008351168 0.997127593
1305031112.511504 0.284501880 -0.001623045 0.100409873 -0.002720753 0.072476268 0.015666086 0.997243404
1305031112.543212 0.294907987 -0.002144231 0.100492679 -0.000130851 0.069040790 0.020268928 0.997407913
1305031112.579252 0.306173295 0.000084386 0.097128659 0.002696575 0.064734913 0.026515134 0.997546554
1305031112.611261 0.323414803 0.004467036 0.092153378 0.003781222 0.061671477 0.032109536 0.997572720
1305031112.643246 0.334355801 0.006103494 0.095855966 0.001454496 0.066701509 0.039111856 0.997005045
1305031112.679952 0.337832123 0.005060732 0.096262291 -0.000723940 0.072991081 0.042722814 0.996416867
1305031112.711251 0.339480132 0.006475838 0.097288340 -0.002554507 0.077840589 0.044334989 0.995976210
1305031112.743245 0.344399959 0.017827634 0.097443059 -0.003799357 0.079871982 0.048660241 0.995609462
1305031112.779310 0.342888772 0.013951396 0.100064009 -0.012472188 0.084413417 0.051135171 0.995039701
1305031112.811310 0.327476472 0.007871324 0.107608840 -0.016013425 0.089033224 0.049097538 0.994688928
1305031112.843286 0.323532909 0.014014126 0.104381561 -0.017012082 0.083584107 0.046210449 0.995283306
1305031112.879421 0.327542126 0.014664784 0.102249384 -0.020303773 0.078188360 0.049916424 0.995481133
1305031112.911411 0.313783854 0.012791788 0.105206035 -0.023735993 0.078248888 0.050164007 0.995388031
1305031112.943321 0.305815518 0.012135891 0.106407851 -0.025359403 0.073540263 0.049328495 0.995748699
1305031112.979278 0.300553560 0.012172094 0.104601547 -0.026077436 0.067744717 0.046322420 0.996285498
1305031113.011353 0.295487761 0.016150728 0.101060092 -0.026527027 0.064014412 0.046582643 0.996508181
1305031113.043231 0.287100703 0.013176178 0.100658357 -0.031812273 0.062744774 0.044260129 0.996540070
1305031113.079251 0.270927250 0.002794941 0.102640972 -0.035205450 0.062748887 0.038859826 0.996650934
1305031113.111316 0.259186178 0.007562300 0.097565800 -0.031140983 0.057735279 0.033995409 0.997266829
1305031113.143306 0.253707677 0.014490029 0.092435487 -0.031425137 0.053050619 0.033286449 0.997542024
1305031113.179343 0.238019139 0.006122593 0.093919568 -0.036284231 0.053234756 0.034377158 0.997330308
1305031113.211259 0.218087658 0.004613007 0.093500845 -0.035102077 0.050860912 0.034958877 0.997476280
1305031113.243227 0.204982355 0.011455882 0.088606954 -0.034611762 0.043845396 0.035490774 0.997807622
1305031113.279312 0.195164368 0.003300680 0.090954378 -0.039068930 0.037385106 0.038092323 0.997810066
1305031113.311452 0.170999616 -0.004568091 0.092453144 -0.036580101 0.034505092 0.040446270 0.997915506
1305031113.343252 0.152169943 0.002331508 0.088125341 -0.029232791 0.026209593 0.039194692 0.998459935
1305031113.379312 0.141397819 0.005902700 0.083194382 -0.031208437 0.015205510 0.037118923 0.998707652
1305031113.411625 0.126122639 -0.000833431 0.089151971 -0.032138534 0.008703288 0.037877809 0.998727500
1305031113.443266 0.101956606 -0.001847577 0.085574582 -0.031108920 0.005112744 0.031837098 0.998995781
1305031113.479311 0.083942257 0.003599762 0.084920228 -0.032753959 -0.001543311 0.026276154 0.999116778
1305031113.511523 0.067517310 0.001193868 0.085228249 -0.037080321 -0.006855912 0.023974134 0.999001145
1305031113.543242 0.050659351 -0.000813036 0.085669160 -0.038982034 -0.012475123 0.020369338 0.998954356
1305031113.579301 0.036700677 0.000718037 0.086320266 -0.038739279 -0.017645977 0.016126420 0.998963356
1305031113.611268 0.024383107 -0.002381200 0.084860563 -0.042900167 -0.021076178 0.011455755 0.998791337
1305031113.643222 0.011229471 -0.002183156 0.085842080 -0.045223068 -0.021575432 0.007774027 0.998713613
1305031113.679288 -0.004777786 -0.003157980 0.085662581 -0.046460073 -0.020024739 0.004574426 0.998708963
1305031113.711931 -0.016237566 -0.005305374 0.085718930 -0.047161955 -0.020301668 -0.000353927 0.998680890
1305031113.743590 -0.027517410 -0.003015052 0.086590052 -0.045638755 -0.018557537 -0.005792213 0.998768806
1305031113.779320 -0.044282101 -0.005129323 0.087484494 -0.045243844 -0.014972205 -0.010282088 0.998810887
1305031113.811237 -0.057374209 -0.003390887 0.086599663 -0.043753713 -0.014047695 -0.012151213 0.998869658
1305031113.843295 -0.070167169 -0.000234663 0.087447591 -0.043579772 -0.012109347 -0.015686613 0.998853385
1305031113.879281 -0.087837294 -0.008029145 0.090047039 -0.044290394 -0.010558493 -0.020380119 0.998754978
1305031113.911290 -0.099223949 -0.002062975 0.091489397 -0.039676655 -0.012170997 -0.020279940 0.998932600
1305031113.943291 -0.111781523 -0.002418702 0.091781713 -0.037080914 -0.010120741 -0.023664463 0.998980761
1305031113.979293 -0.127387211 -0.001886819 0.092404924 -0.033625912 -0.007735025 -0.028897827 0.998986661
1305031114.011257 -0.142944992 -0.000621418 0.089897312 -0.030469442 -0.006334210 -0.033334557 0.998959601
1305031114.043301 -0.163605586 0.000814182 0.092075855 -0.028729273 -0.007465466 -0.035943471 0.998912871
1305031114.079285 -0.183011875 -0.000924393 0.089172184 -0.026882833 -0.010866771 -0.037269864 0.998884499
1305031114.111263 -0.195230067 0.003635860 0.090231702 -0.023561133 -0.016734511 -0.040707331 0.998753071
1305031114.143284 -0.206711426 0.004385563 0.092527300 -0.023570631 -0.022318076 -0.043404810 0.998530090
1305031114.179337 -0.215694651 0.000255616 0.093856089 -0.022146111 -0.025506372 -0.045506645 0.998392761
1305031114.211303 -0.231188864 0.010865528 0.092698269 -0.017594201 -0.024713434 -0.048664127 0.998354375
1305031114.243337 -0.249271274 0.008548437 0.094341151 -0.020741113 -0.025978265 -0.053002317 0.998040915
1305031114.279390 -0.262859821 0.009484617 0.097252086 -0.020552536 -0.032181963 -0.053437401 0.997840881
1305031114.311429 -0.274601012 0.014744779 0.101157598 -0.020182962 -0.040531397 -0.053737111 0.997528017
1305031114.343331 -0.276116788 0.012915989 0.101845533 -0.021714112 -0.049152173 -0.055718403 0.996999502
1305031114.379320 -0.286262661 0.012033998 0.103493124 -0.021901490 -0.051069524 -0.060224764 0.996636927
1305031114.411397 -0.298821032 0.011583140 0.103777766 -0.021213626 -0.052255623 -0.064078502 0.996349990
1305031114.443345 -0.310030997 0.012226517 0.103325263 -0.021350415 -0.056772146 -0.065451570 0.996010661
1305031114.479332 -0.322271168 0.008771739 0.102183610 -0.022853099 -0.063468210 -0.066030964 0.995534718
1305031114.511266 -0.328614086 0.013450466 0.104352988 -0.022172397 -0.071911931 -0.068693675 0.994795561
1305031114.543236 -0.331676155 0.012933410 0.107793286 -0.024975061 -0.076764196 -0.068370782 0.994388700
1305031114.579237 -0.339325964 0.011869512 0.109965116 -0.026506413 -0.076641664 -0.065075018 0.994579673
1305031114.611391 -0.344685733 0.013411359 0.108634889 -0.028573489 -0.077387474 -0.063434452 0.994570673
1305031114.644136 -0.351588011 0.010288063 0.109422617 -0.034468114 -0.079653151 -0.062217761 0.994281769
1305031114.679251 -0.355200291 0.008631015 0.111445792 -0.037320483 -0.086433686 -0.062553719 0.993591189
1305031114.711306 -0.357714027 0.007755470 0.114486858 -0.037886214 -0.090774864 -0.061888587 0.993224204
1305031114.743200 -0.358399302 0.007078061 0.115334995 -0.036871467 -0.094198585 -0.065486610 0.992712736
1305031114.779289 -0.357366562 0.009056994 0.115096077 -0.034021009 -0.095771514 -0.068559617 0.992456555
1305031114.811303 -0.357271791 0.012702051 0.112387449 -0.033204034 -0.095312141 -0.070033751 0.992425501
1305031114.843208 -0.355130643 0.011853797 0.112164214 -0.033533033 -0.096296966 -0.072118059 0.992170036
1305031114.879281 -0.350830674 0.015202066 0.112802297 -0.033117115 -0.097060800 -0.071946651 0.992122054
1305031114.912879 -0.347700119 0.016504142 0.109890327 -0.034128439 -0.097157620 -0.072396666 0.992045522
1305031114.943234 -0.339661539 0.021297460 0.112369388 -0.035229269 -0.097801648 -0.074685246 0.991774082
1305031114.979280 -0.332461804 0.023276096 0.113286890 -0.037029881 -0.095912382 -0.075477034 0.991833031
1305031115.011300 -0.325888634 0.028133711 0.112811849 -0.040099304 -0.094426930 -0.076608956 0.991769433
1305031115.043508 -0.314413309 0.027550537 0.120012015 -0.043646444 -0.093290590 -0.076552436 0.991731584
1305031115.079238 -0.304978341 0.029096222 0.119965255 -0.045066413 -0.090150490 -0.077202685 0.991908073
1305031115.111230 -0.289616853 0.035790905 0.131937861 -0.045651272 -0.087629452 -0.075947084 0.992204130
1305031115.143275 -0.276424021 0.033834290 0.131607831 -0.047300037 -0.079205282 -0.073691696 0.993004918
1305031115.179440 -0.266123474 0.031636722 0.130443946 -0.049990926 -0.076108113 -0.071998253 0.993239522
1305031115.211374 -0.252186567 0.028799323 0.137260750 -0.050627466 -0.074438743 -0.068765044 0.993562877
1305031115.243297 -0.236382425 0.025688209 0.141244829 -0.046692289 -0.069928594 -0.065566950 0.994299173
1305031115.279966 -0.219475418 0.029778885 0.140078127 -0.044524532 -0.068880819 -0.061276600 0.994745314
1305031115.311704 -0.187282711 0.014320543 0.142217100 -0.049834028 -0.070837222 -0.053724468 0.994792640
1305031115.343235 -0.165241033 0.023661397 0.147751018 -0.042553969 -0.064666562 -0.047730368 0.995856047
1305031115.379166 -0.173486695 0.029726511 0.144289166 -0.045675788 -0.053188585 -0.044590537 0.996542215
1305031115.411237 -0.157848060 0.023020102 0.152834088 -0.054186825 -0.060526855 -0.041794721 0.995818019
1305031115.443159 -0.133216381 0.024358595 0.156781971 -0.057012714 -0.065442428 -0.035729133 0.995585382
1305031115.479241 -0.117829651 0.027085537 0.158614203 -0.059975792 -0.064719446 -0.030350585 0.995637059
1305031115.511253 -0.077046230 0.018178064 0.163236022 -0.066368736 -0.071936324 -0.024217926 0.994903982
1305031115.543604 -0.054673620 0.015894845 0.166955069 -0.066561520 -0.061242461 -0.019205531 0.995715916
1305031115.579315 -0.043433450 0.014426241 0.163262725 -0.066207267 -0.046064246 -0.012480166 0.996663928
1305031115.611424 -0.026358804 0.011444795 0.161552027 -0.066523083 -0.040102884 -0.006197033 0.996959448
1305031115.643254 -0.005205629 0.007167128 0.163283139 -0.066650867 -0.035247277 0.001913775 0.997151792
1305031115.679241 -0.004571305 0.012867282 0.164714247 -0.062017448 -0.027192608 0.010972735 0.997644246
1305031115.711320 0.020034026 0.017298101 0.165260583 -0.060049027 -0.030239854 0.020214725 0.997532487
1305031115.743250 0.050591134 0.014459493 0.167441487 -0.061033323 -0.028555980 0.026367843 0.997378647
1305031115.779425 0.060054153 0.016779259 0.162798002 -0.057717249 -0.015757758 0.034096338 0.997626126
1305031115.811277 0.077043697 0.020831725 0.161385402 -0.056376409 -0.007557692 0.041981209 0.997497916
1305031115.843224 0.091625378 0.019785523 0.162734285 -0.058812547 0.002038298 0.048845790 0.997071207
1305031115.879198 0.101498693 0.015278583 0.164834991 -0.059345163 0.009314463 0.057178229 0.996555090
1305031115.911118 0.117863461 0.024062801 0.165267035 -0.053908106 0.011448536 0.061244760 0.996600211
1305031115.943311 0.134642527 0.022808865 0.166918576 -0.056189131 0.017034061 0.068349309 0.995932221
1305031115.980740 0.149686858 0.028513465 0.167081103 -0.055549800 0.021590427 0.074273191 0.995455444
1305031116.011379 0.168952316 0.030269410 0.167466789 -0.057648491 0.029009219 0.077485748 0.994902551
1305031116.043164 0.176021501 0.031597391 0.170718491 -0.060483269 0.043972913 0.078225493 0.994127214
1305031116.080030 0.189892814 0.035734147 0.173291594 -0.064525478 0.052511904 0.082930505 0.993076742
1305031116.111300 0.203266233 0.036737770 0.178620517 -0.071053468 0.061296988 0.086140171 0.991853774
1305031116.143441 0.208568200 0.028511874 0.181429356 -0.079223603 0.072188824 0.088111319 0.990327597
1305031116.179572 0.228307545 0.035399888 0.179696679 -0.078618161 0.071745560 0.091106310 0.990137041
1305031116.211299 0.238778025 0.029366337 0.181432739 -0.086494245 0.077662349 0.093518607 0.988808155
1305031116.243320 0.251179218 0.020946339 0.185384169 -0.092841268 0.083199836 0.096467875 0.987497985
1305031116.279385 0.260957509 0.034755435 0.186432689 -0.086231962 0.091919586 0.099900447 0.986982644
1305031116.311336 0.265861779 0.036040083 0.186650187 -0.088892549 0.102154449 0.103631049 0.985354364
1305031116.343292 0.276948124 0.022253487 0.187440291 -0.095711306 0.105708733 0.107116394 0.983967006
1305031116.379384 0.277465850 0.022424057 0.182335645 -0.089225508 0.110972241 0.108096957 0.983889759
1305031116.411333 0.273748368 0.034285322 0.177533656 -0.080086663 0.115402393 0.112092085 0.983719349
1305031116.443369 0.277541310 0.030999042 0.175373331 -0.084738702 0.116358615 0.121932305 0.982045114
1305031116.479850 0.276991040 0.026360370 0.175352663 -0.086315021 0.117929578 0.124749400 0.981366336
1305031116.511205 0.277082652 0.026555732 0.171950027 -0.084101930 0.115367621 0.121304899 0.982294381
1305031116.543262 0.267435908 0.026851170 0.170193523 -0.081345834 0.117254876 0.116376631 0.982899070
1305031116.579313 0.253793716 0.030415982 0.168587446 -0.079626329 0.117849745 0.113829516 0.983266950
1305031116.611261 0.239052624 0.023416027 0.169967115 -0.082048759 0.114415646 0.106275231 0.984318376
1305031116.643355 0.224745899 0.027666040 0.169812053 -0.078065857 0.107630774 0.097342633 0.986329436
1305031116.679281 0.214368165 0.027842486 0.167013645 -0.077487104 0.099675521 0.089067392 0.987991691
1305031116.711634 0.200200617 0.031134503 0.162792593 -0.075276420 0.095053881 0.078636333 0.989502192
1305031116.743291 0.184181049 0.030783257 0.161808550 -0.076993741 0.091077507 0.067845874 0.990542173
1305031116.779298 0.165066436 0.030649256 0.160466000 -0.079229020 0.088781834 0.057125621 0.991250336
1305031116.811318 0.145042598 0.030857831 0.160559386 -0.078094438 0.086974859 0.048860829 0.991942167
1305031116.846089 0.131771594 0.034855347 0.160826072 -0.074565753 0.076404050 0.041951679 0.993399441
1305031116.880165 0.112405539 0.031980611 0.157647282 -0.077504896 0.067021638 0.036084428 0.994081974
1305031116.912044 0.084252000 0.036434028 0.155830011 -0.074490897 0.060949296 0.030014392 0.994904697
1305031116.943296 0.068802834 0.042183392 0.154517695 -0.073198698 0.046586305 0.022624215 0.995971799
1305031116.979351 0.053682219 0.035517089 0.152562082 -0.075757727 0.033651717 0.012789812 0.996476173
1305031117.011382 0.037686255 0.042678647 0.152621329 -0.071848750 0.021417545 0.004135443 0.997176945
1305031117.043261 0.016923927 0.044297278 0.147185802 -0.072522454 0.013519093 -0.000136861 0.997275114
1305031117.079520 0.004773377 0.043607853 0.142772704 -0.075418964 0.003513885 -0.006082642 0.997127175
1305031117.111238 -0.013743623 0.047542222 0.145827234 -0.076513760 -0.005819149 -0.006843178 0.997028053
1305031117.143218 -0.020227538 0.050125819 0.141186759 -0.078623503 -0.017968062 -0.007721981 0.996712506
1305031117.179264 -0.028813157 0.052309010 0.140170991 -0.081081286 -0.026855716 -0.012480834 0.996267438
1305031117.211361 -0.033302110 0.055491902 0.143863380 -0.082180463 -0.034390267 -0.015534369 0.995902777
1305031117.243277 -0.033415139 0.060102582 0.143741339 -0.084440157 -0.038281281 -0.017304026 0.995542526
1305031117.279299 -0.033408761 0.056439742 0.145569086 -0.090317510 -0.038757343 -0.021992287 0.994915545
1305031117.311200 -0.038773488 0.052496791 0.146718353 -0.095033944 -0.035907570 -0.023202745 0.994555593
1305031117.343243 -0.042163331 0.048756689 0.147306651 -0.097075447 -0.035601754 -0.024298560 0.994343221
1305031117.379454 -0.042797286 0.043492340 0.147629708 -0.097443409 -0.035869125 -0.024518294 0.994292200
1305031117.411221 -0.044512346 0.037727572 0.147807032 -0.096916847 -0.037242640 -0.023985226 0.994306207
1305031117.443274 -0.045947924 0.036521289 0.146835774 -0.093027227 -0.038254410 -0.022974538 0.994663119
1305031117.479403 -0.044345792 0.028231647 0.146716118 -0.092858337 -0.039955128 -0.020976188 0.994656205
1305031117.511325 -0.045719650 0.018912591 0.146187976 -0.090841927 -0.041015163 -0.019057959 0.994837821
1305031117.544285 -0.046936836 0.015346306 0.146444380 -0.085471019 -0.041552249 -0.018812396 0.995296061
1305031117.579155 -0.048428345 0.008541360 0.147471994 -0.083042398 -0.043059446 -0.020196473 0.995410442
1305031117.611159 -0.050378341 0.003036423 0.148148373 -0.081681021 -0.044138715 -0.019660715 0.995486498
1305031117.643252 -0.050416939 -0.005439593 0.152064875 -0.080502719 -0.046708636 -0.018454244 0.995488346
1305031117.679262 -0.052088775 -0.011350702 0.154161200 -0.080098487 -0.049051572 -0.018093899 0.995414853
1305031117.711184 -0.051486846 -0.022438610 0.157988727 -0.081683651 -0.051730495 -0.015477179 0.995194495
1305031117.743184 -0.051514976 -0.033325054 0.162503868 -0.082519561 -0.054121245 -0.012256583 0.995043278
1305031117.779467 -0.049843453 -0.038955119 0.166279420 -0.081645645 -0.057453331 -0.009939644 0.994954407
1305031117.811320 -0.049895968 -0.052023731 0.171752840 -0.083910868 -0.059257794 -0.007856797 0.994678736
1305031117.843291 -0.047113411 -0.059675425 0.174851924 -0.080790162 -0.059667829 -0.007721499 0.994913578
1305031117.879451 -0.045478199 -0.068187952 0.179301158 -0.079884142 -0.057480838 -0.007176860 0.995119572
1305031117.911407 -0.047458012 -0.081370994 0.185525596 -0.080621809 -0.055401299 -0.007469168 0.995175838
1305031117.943253 -0.049455781 -0.089307301 0.187803373 -0.079202637 -0.052696314 -0.008367402 0.995429575
1305031117.979228 -0.052560531 -0.093964100 0.192573681 -0.079271808 -0.050247256 -0.008695082 0.995547831
1305031118.011228 -0.050562918 -0.110199109 0.201091051 -0.083614290 -0.051131248 -0.008502464 0.995149195
1305031118.043521 -0.051631391 -0.119739912 0.205641732 -0.082725190 -0.049468506 -0.008595215 0.995306730
1305031118.079334 -0.049588129 -0.128788099 0.210932523 -0.082855240 -0.049053963 -0.009657904 0.995306730
1305031118.111217 -0.044566154 -0.140256122 0.218841940 -0.083130978 -0.046920791 -0.010439737 0.995378673
1305031118.143256 -0.050285228 -0.149093240 0.220091224 -0.081262395 -0.040437188 -0.012883751 0.995788753
1305031118.179323 -0.050034802 -0.163733467 0.227390990 -0.082748160 -0.037995894 -0.014327875 0.995742798
1305031118.211202 -0.055586133 -0.172680482 0.229877189 -0.079173759 -0.033888806 -0.013422635 0.996194184
1305031118.243173 -0.056597851 -0.180861175 0.233661950 -0.075960636 -0.035069402 -0.013908333 0.996396840
1305031118.279194 -0.054901563 -0.192846954 0.237416282 -0.073174566 -0.035784945 -0.013404529 0.996586800
1305031118.311299 -0.056447089 -0.200547576 0.239471227 -0.066576682 -0.035485376 -0.013609560 0.997057199
1305031118.343324 -0.054442849 -0.205121890 0.244017452 -0.061188072 -0.035261791 -0.015434094 0.997383773
1305031118.379208 -0.057989441 -0.213458285 0.244521856 -0.057854589 -0.032434031 -0.016178219 0.997666836
1305031118.411296 -0.058085877 -0.214654669 0.246102557 -0.054107703 -0.034544975 -0.015835641 0.997811735
1305031118.445692 -0.057915535 -0.216932535 0.250559151 -0.053098068 -0.034856707 -0.014231500 0.997879326
1305031118.479285 -0.058225870 -0.219227910 0.252290428 -0.052925613 -0.034950592 -0.010803983 0.997928143
1305031118.511255 -0.055153798 -0.216935977 0.252712220 -0.050191939 -0.036059216 -0.010295590 0.998035312
1305031118.544414 -0.054723162 -0.209823638 0.251167595 -0.049658883 -0.035371099 -0.011174321 0.998077154
1305031118.579285 -0.052842468 -0.208113179 0.254159719 -0.051760457 -0.035002433 -0.011323604 0.997981668
1305031118.616142 -0.052713733 -0.201098695 0.252850741 -0.050847154 -0.032713179 -0.014305738 0.998068035
1305031118.645325 -0.053585567 -0.192575574 0.250445962 -0.051123515 -0.030281097 -0.016958561 0.998089135
1305031118.679295 -0.051746264 -0.185837924 0.247782573 -0.054487593 -0.029804798 -0.017222265 0.997920930
1305031118.711421 -0.054443508 -0.181699485 0.246493295 -0.055664327 -0.029276861 -0.020228356 0.997815192
1305031118.746770 -0.058368526 -0.173820868 0.240766108 -0.053628672 -0.030512700 -0.021023955 0.997873187
1305031118.779277 -0.054403499 -0.152966708 0.234373301 -0.053252202 -0.035516486 -0.019073945 0.997766972
1305031118.811221 -0.051716067 -0.154023096 0.233908638 -0.059842948 -0.038341574 -0.021127995 0.997247398
1305031118.846753 -0.047135502 -0.144065067 0.228311390 -0.056073125 -0.039230756 -0.019456400 0.997465849
1305031118.879208 -0.048318814 -0.120927043 0.217074141 -0.051338460 -0.036215998 -0.021613756 0.997790337
1305031118.911177 -0.046974234 -0.116382919 0.215200037 -0.055742200 -0.035830840 -0.023651728 0.997521698
1305031118.946974 -0.046941884 -0.102529436 0.207444653 -0.053762209 -0.034377813 -0.025517285 0.997635543
1305031118.979374 -0.048374042 -0.085111998 0.198336735 -0.052730232 -0.032998480 -0.029205840 0.997636020
1305031119.011363 -0.049211226 -0.077234216 0.194800690 -0.057497382 -0.033548921 -0.031877682 0.997272432
1305031119.047172 -0.051631656 -0.068025775 0.189650148 -0.059678096 -0.033453573 -0.032554884 0.997125685
1305031119.079223 -0.055302437 -0.055818625 0.182753235 -0.059141573 -0.034662530 -0.032627475 0.997113943
1305031119.111328 -0.056430906 -0.046856903 0.176671207 -0.059755597 -0.037928373 -0.032108463 0.996975303
1305031119.147616 -0.057020210 -0.034493160 0.169668511 -0.059477106 -0.041231606 -0.030351864 0.996915817
1305031119.179226 -0.055473223 -0.029060092 0.165193617 -0.060840931 -0.046131987 -0.030663302 0.996609271
1305031119.211364 -0.054268390 -0.018083898 0.157686442 -0.058180414 -0.048010498 -0.028525144 0.996742904
1305031119.247399 -0.055600800 -0.004328137 0.152460784 -0.055782065 -0.048868362 -0.028375296 0.996842563
1305031119.279212 -0.053198643 0.005130042 0.147341549 -0.055749893 -0.050681941 -0.028233077 0.996757865
1305031119.311212 -0.055351298 0.013767300 0.142182410 -0.056024563 -0.050251793 -0.025472302 0.996838570
1305031119.347741 -0.056982249 0.022711653 0.138193920 -0.055116992 -0.051505610 -0.023245620 0.996879637
1305031119.379239 -0.054809533 0.035393830 0.133210346 -0.053481676 -0.054561011 -0.022845112 0.996815383
1305031119.411484 -0.050958499 0.044249371 0.128946036 -0.054528575 -0.055417281 -0.022030994 0.996729732
1305031119.447706 -0.051534884 0.052304968 0.125443429 -0.055505238 -0.052577771 -0.022304667 0.996823549
1305031119.479267 -0.054622684 0.066299781 0.121190429 -0.052428037 -0.049419057 -0.022982396 0.997136354
1305031119.511240 -0.055530768 0.078595422 0.118067138 -0.053012751 -0.048376061 -0.022195475 0.997174382
1305031119.547382 -0.054995287 0.088369526 0.114110105 -0.054637827 -0.048569087 -0.020562615 0.997112274
1305031119.579559 -0.053002663 0.106408603 0.109910607 -0.053895030 -0.047912177 -0.020513270 0.997185528
1305031119.615017 -0.054082226 0.111693725 0.109576754 -0.059285168 -0.046049278 -0.019469237 0.996988297
1305031119.647903 -0.056988243 0.129765704 0.106759235 -0.058892746 -0.044533495 -0.019526279 0.997079313
1305031119.679208 -0.055192925 0.144387320 0.103697218 -0.061148521 -0.042495418 -0.022072855 0.996979356
1305031119.715232 -0.056499407 0.152000293 0.103029646 -0.067803964 -0.037782520 -0.019326348 0.996795654
1305031119.747193 -0.063298710 0.159065530 0.100099087 -0.071848504 -0.033763349 -0.014989777 0.996731222
1305031119.779169 -0.063812673 0.169104591 0.099565625 -0.074303783 -0.035354331 -0.012764190 0.996527016
1305031119.814537 -0.063089453 0.180575103 0.099066094 -0.075344592 -0.036449652 -0.008587721 0.996454120
1305031119.847429 -0.061086334 0.189418212 0.097088560 -0.078135297 -0.036124103 -0.003998463 0.996280074
1305031119.879214 -0.058883920 0.193383574 0.096057303 -0.079679653 -0.035245735 -0.004326867 0.996187806
1305031119.911401 -0.062695049 0.209041908 0.090849742 -0.076721773 -0.031940859 -0.003253963 0.996535480
1305031119.947392 -0.062910624 0.218917295 0.089535363 -0.079335928 -0.030289274 -0.004219964 0.996378720
1305031119.979537 -0.061041612 0.222567230 0.087421469 -0.082576133 -0.027706685 -0.005151891 0.996186197
1305031120.015264 -0.063197069 0.232114106 0.084914774 -0.086348891 -0.024074178 -0.003352931 0.995968401
1305031120.047290 -0.066346101 0.242634445 0.086148471 -0.088804744 -0.022547953 -0.001524755 0.995792627
1305031120.079418 -0.066196389 0.242919296 0.085991614 -0.090682380 -0.025034938 0.001474654 0.995564044
1305031120.115232 -0.069016069 0.245651826 0.085067943 -0.091705501 -0.026005685 0.002182798 0.995444119
1305031120.148157 -0.067613728 0.247332677 0.086059570 -0.091627233 -0.027220456 0.002124141 0.995419025
1305031120.179246 -0.069146097 0.235918000 0.087111354 -0.094582148 -0.025613667 0.004389955 0.995177805
1305031120.215249 -0.068808131 0.215745866 0.086800329 -0.098717675 -0.025457753 0.004526570 0.994779468
1305031120.248003 -0.066500202 0.213205874 0.088682085 -0.094215035 -0.026521314 0.002706254 0.995194852
1305031120.279430 -0.063548341 0.201485410 0.089460112 -0.093793325 -0.027077591 0.000856061 0.995223045
1305031120.315196 -0.065618172 0.190074980 0.091805384 -0.093230754 -0.025666660 -0.001864376 0.995311916
1305031120.347787 -0.064311281 0.184542239 0.093425281 -0.088612728 -0.025765331 -0.003281221 0.995727479
1305031120.379437 -0.064481318 0.172607809 0.096365936 -0.088449493 -0.025816426 -0.004088979 0.995737672
1305031120.415445 -0.062126163 0.153448030 0.104616106 -0.085860804 -0.027428804 -0.003748154 0.995922446
1305031120.447417 -0.060832329 0.157835945 0.107004374 -0.072762042 -0.028820246 -0.003023310 0.996928275
1305031120.479432 -0.060481422 0.142660022 0.111644432 -0.072493486 -0.029729700 -0.002865665 0.996921599
1305031120.514819 -0.060293149 0.130990744 0.117182888 -0.066419967 -0.031885415 -0.000959894 0.997281730
1305031120.547736 -0.062485393 0.123467036 0.120560370 -0.059369177 -0.033757858 0.001193269 0.997664392
1305031120.579551 -0.062304165 0.114497826 0.124540016 -0.056515403 -0.037917510 0.004405593 0.997671723
1305031120.615236 -0.061683513 0.103330612 0.131002679 -0.053626269 -0.042246737 0.006691403 0.997644544
1305031120.647354 -0.059543207 0.095500104 0.134834647 -0.048610836 -0.045684945 0.007634970 0.997743249
1305031120.679318 -0.057321653 0.086361066 0.138555735 -0.046680916 -0.047794282 0.008706168 0.997727811
1305031120.714522 -0.056884911 0.077797107 0.143269151 -0.044568736 -0.048476133 0.009265446 0.997786462
1305031120.747369 -0.056028169 0.068553522 0.148288667 -0.043616280 -0.051201310 0.009933909 0.997686028
1305031120.779894 -0.054306697 0.056395628 0.154539213 -0.042457663 -0.053871125 0.010226028 0.997592449
1305031120.814944 -0.054622978 0.049189866 0.155050740 -0.039499003 -0.053751882 0.009164182 0.997730732
1305031120.847921 -0.052035399 0.039250832 0.161094755 -0.040976115 -0.055799324 0.007955395 0.997569084
1305031120.883435 -0.049385421 0.026385270 0.165300086 -0.039740719 -0.056291152 0.006226409 0.997603714
1305031120.915444 -0.051311843 0.021127608 0.166551128 -0.037468404 -0.054015372 0.004252492 0.997827828
1305031120.947488 -0.049938343 0.009817557 0.170311525 -0.038408864 -0.054408479 0.002729977 0.997776031
1305031120.983366 -0.052702412 -0.002200847 0.173653618 -0.039011005 -0.053504419 0.000249359 0.997805238
1305031121.015019 -0.051980373 -0.010713100 0.175916627 -0.037159968 -0.054556679 -0.000818409 0.997818649
1305031121.047498 -0.052644506 -0.017104562 0.177970260 -0.035942473 -0.054116376 -0.001430729 0.997886539
1305031121.083099 -0.054849289 -0.030858681 0.180957109 -0.036190394 -0.054888345 -0.003347451 0.997830808
1305031121.114696 -0.054641053 -0.039300226 0.181538776 -0.033827804 -0.056105506 -0.002576871 0.997848272
1305031121.147331 -0.054779075 -0.048422493 0.183158636 -0.032129675 -0.056804851 -0.003133457 0.997863233
1305031121.183271 -0.054301150 -0.058025502 0.185910687 -0.030657910 -0.058487333 -0.003492458 0.997811139
1305031121.211420 -0.052570179 -0.068191752 0.189781949 -0.028421702 -0.058686968 -0.003787902 0.997864544
1305031121.247194 -0.055318229 -0.075756177 0.191206470 -0.026204854 -0.056653649 -0.004610020 0.998039305
1305031121.282876 -0.055479601 -0.086907126 0.195576251 -0.027239252 -0.058247052 -0.002990532 0.997926056
1305031121.313568 -0.055924274 -0.097071439 0.198800951 -0.024339575 -0.058073215 -0.002954365 0.998011172
1305031121.347517 -0.058903504 -0.105358869 0.198543742 -0.022857308 -0.058118396 -0.001347633 0.998047054
1305031121.383226 -0.055399060 -0.116130173 0.203977630 -0.021411644 -0.060653985 -0.000003939 0.997929156
1305031121.414318 -0.056245536 -0.125144124 0.206673577 -0.017326182 -0.059518669 -0.001226719 0.998076081
1305031121.447319 -0.055919476 -0.130906746 0.210941926 -0.015379643 -0.059540939 -0.000208649 0.998107374
1305031121.482964 -0.052568600 -0.146133214 0.215621203 -0.015597824 -0.058661982 0.001372006 0.998155117
1305031121.514107 -0.058043666 -0.152604952 0.213214114 -0.012078144 -0.054967102 0.001903348 0.998413324
1305031121.547270 -0.056984968 -0.157610640 0.216028616 -0.012885476 -0.055383615 0.002516521 0.998378813
1305031121.583204 -0.057833932 -0.172305152 0.221808150 -0.015908338 -0.054126248 -0.000038045 0.998407364
1305031121.614700 -0.058506396 -0.180106983 0.224253282 -0.014736639 -0.052073311 -0.001370264 0.998533547
1305031121.647183 -0.057722203 -0.186575890 0.226311848 -0.014093020 -0.048094217 -0.004204742 0.998734534
1305031121.683200 -0.061013956 -0.193477601 0.228438467 -0.016203465 -0.043603666 -0.005368935 0.998903036
1305031121.714520 -0.063607551 -0.201535836 0.229751647 -0.017324878 -0.042060960 -0.003721456 0.998957872
1305031121.747145 -0.063937411 -0.205633372 0.232288465 -0.018517634 -0.042024288 -0.003858400 0.998937488
1305031121.782835 -0.061091468 -0.214740977 0.235766605 -0.021316862 -0.042456821 -0.001204667 0.998870134
1305031121.811540 -0.060013652 -0.217726037 0.240329489 -0.022266150 -0.041727867 0.000609364 0.998880684
1305031121.847335 -0.061816614 -0.221430033 0.241212711 -0.024138065 -0.039499205 0.002915803 0.998923719
1305031121.882060 -0.060111180 -0.224446148 0.242837429 -0.026878936 -0.039922930 0.009697862 0.998794079
1305031121.914931 -0.062515885 -0.225448370 0.241978705 -0.028581135 -0.040865581 0.011502390 0.998689532
1305031121.947288 -0.060349874 -0.225870639 0.243369088 -0.028688235 -0.043535106 0.010758473 0.998581946
1305031121.982926 -0.059617240 -0.220984742 0.243089974 -0.028070576 -0.043373380 0.010267693 0.998611689
1305031122.014256 -0.060420766 -0.218384236 0.241775066 -0.028908664 -0.043108098 0.008675210 0.998614430
1305031122.047306 -0.061248265 -0.212477416 0.239468440 -0.027324464 -0.044150934 0.004730121 0.998639941
1305031122.082959 -0.059602257 -0.205452830 0.236923397 -0.026445625 -0.045168933 0.001232850 0.998628497
1305031122.114672 -0.060701296 -0.194911107 0.232271537 -0.024380101 -0.045002796 -0.002877489 0.998685181
1305031122.150725 -0.060052700 -0.185515970 0.229799435 -0.024714187 -0.045447912 -0.007335243 0.998633981
1305031122.183042 -0.059936490 -0.176153153 0.225470945 -0.022941753 -0.044234030 -0.012741174 0.998676479
1305031122.214959 -0.061463326 -0.155336723 0.216507018 -0.022908701 -0.042200156 -0.018059565 0.998683214
1305031122.251319 -0.061337121 -0.147140995 0.216193601 -0.028746087 -0.041693076 -0.020747719 0.998501301
1305031122.283560 -0.064341858 -0.134716377 0.210430354 -0.028762059 -0.041761201 -0.023630081 0.998433948
1305031122.314289 -0.066277094 -0.110262603 0.203540891 -0.030471472 -0.043492343 -0.027549591 0.998208880
1305031122.351327 -0.064817213 -0.104609683 0.201714844 -0.038433511 -0.046453752 -0.029204842 0.997753441
1305031122.382630 -0.067779921 -0.090088189 0.194024161 -0.042087492 -0.047453158 -0.029922089 0.997537732
1305031122.414997 -0.068352424 -0.084458470 0.189286426 -0.047085863 -0.051517699 -0.029819343 0.997115672
1305031122.451257 -0.070543826 -0.073909715 0.180026606 -0.048757777 -0.055072241 -0.029847223 0.996844411
1305031122.483360 -0.069982216 -0.061111003 0.177688673 -0.050932556 -0.060566343 -0.029058812 0.996440232
1305031122.515097 -0.068739489 -0.050299503 0.171944171 -0.051894497 -0.064673416 -0.030436542 0.996091306
1305031122.551490 -0.064882457 -0.040441684 0.166512296 -0.053613767 -0.066743210 -0.032201730 0.995808184
1305031122.583208 -0.063630261 -0.031894445 0.163719833 -0.055378649 -0.066172183 -0.033313509 0.995713115
1305031122.614980 -0.067955583 -0.023208901 0.159380406 -0.056047641 -0.065049276 -0.032648854 0.995771706
1305031122.648788 -0.068695135 -0.012337757 0.153945148 -0.054441415 -0.066685140 -0.032076579 0.995771229
1305031122.683402 -0.067713946 -0.002100095 0.149531290 -0.054214183 -0.068451673 -0.029759645 0.995735645
1305031122.715208 -0.068974346 0.009504925 0.145326793 -0.053578254 -0.070761353 -0.027338712 0.995678067
1305031122.751298 -0.068531536 0.025545936 0.139393762 -0.051451068 -0.073113762 -0.027286176 0.995621741
1305031122.783423 -0.068632513 0.042425483 0.134282947 -0.052524511 -0.073244251 -0.028570222 0.995520055
1305031122.812555 -0.067663357 0.048785761 0.133480698 -0.058277324 -0.072649598 -0.029722761 0.995209754
1305031122.851418 -0.060336325 0.060191743 0.131790921 -0.059258580 -0.071369134 -0.030913813 0.995208144
1305031122.883754 -0.065182656 0.073425218 0.128303513 -0.060491491 -0.063294396 -0.031174200 0.995672047
1305031122.914571 -0.069677725 0.075958177 0.125896350 -0.065750420 -0.059320323 -0.030159747 0.995614588
1305031122.951341 -0.070127770 0.083890222 0.123868562 -0.066691130 -0.058505364 -0.028682034 0.995643914
1305031122.982815 -0.072937094 0.094390392 0.119179115 -0.067669317 -0.057550602 -0.025251519 0.995726466
1305031123.015450 -0.071292333 0.100990087 0.117932260 -0.070090428 -0.059300557 -0.022556594 0.995520949
1305031123.051827 -0.070357077 0.106930435 0.115901180 -0.069897108 -0.059116304 -0.020926816 0.995581090
1305031123.082975 -0.071186647 0.119834840 0.111951783 -0.067938656 -0.058036592 -0.018782014 0.995822966
1305031123.113873 -0.071161985 0.130842566 0.108773306 -0.069921091 -0.056752797 -0.016685545 0.995797038
1305031123.150822 -0.071980327 0.139029250 0.108590476 -0.072565809 -0.055919807 -0.016584221 0.995656669
1305031123.182155 -0.069868974 0.154957816 0.106274329 -0.072175078 -0.054552317 -0.016304493 0.995765507
1305031123.214704 -0.066565365 0.164301500 0.105574191 -0.076731950 -0.051197767 -0.015740959 0.995611966
1305031123.250618 -0.065805346 0.176510915 0.102397360 -0.081821941 -0.047856186 -0.016265862 0.995364428
1305031123.282347 -0.066242293 0.186942130 0.103540123 -0.089088105 -0.044491921 -0.014332595 0.994926333
1305031123.311327 -0.067112394 0.195628524 0.103762940 -0.094334215 -0.039904948 -0.014060870 0.994641125
1305031123.350481 -0.064755462 0.205224529 0.102616534 -0.098262429 -0.036725577 -0.013797468 0.994386911
1305031123.382255 -0.062599443 0.211965024 0.101724431 -0.103685372 -0.032729983 -0.010509145 0.994015932
1305031123.411363 -0.064140856 0.217793554 0.099687651 -0.107219420 -0.026832921 -0.008842953 0.993833899
1305031123.451255 -0.065357596 0.230684251 0.099714451 -0.106733419 -0.024142526 -0.006997616 0.993969917
1305031123.483594 -0.063332953 0.243838474 0.098960623 -0.108240314 -0.023017768 -0.001895795 0.993856430
1305031123.511360 -0.062273152 0.247100174 0.097169623 -0.113004260 -0.021496089 0.001306798 0.993361115
1305031123.551513 -0.061049081 0.255519241 0.097169258 -0.114100285 -0.022242848 0.003584829 0.993213713
1305031123.579583 -0.062114064 0.265582532 0.096744359 -0.114298560 -0.020902649 0.006556164 0.993204892
1305031123.611335 -0.059321471 0.271768928 0.093888789 -0.116279319 -0.020222794 0.007025664 0.992985785
1305031123.652411 -0.058772117 0.279346883 0.092946395 -0.119781807 -0.017958442 0.006727239 0.992614985
1305031123.683753 -0.057199392 0.286215425 0.091896795 -0.123361886 -0.014655265 0.007973894 0.992221475
1305031123.711323 -0.056184810 0.294672251 0.090951204 -0.126386344 -0.011220871 0.009175374 0.991875172
1305031123.751723 -0.053436559 0.301341385 0.091259032 -0.127690822 -0.010761462 0.012491675 0.991676986
1305031123.783858 -0.051549383 0.306502670 0.089430183 -0.127820939 -0.011999852 0.013987125 0.991626024
1305031123.811608 -0.054056823 0.307739705 0.088472933 -0.128795162 -0.010919821 0.015168028 0.991495073
1305031123.851444 -0.052736744 0.309772491 0.087918140 -0.129318431 -0.011744075 0.017487176 0.991379321
1305031123.883786 -0.053257547 0.312723130 0.087629035 -0.126372725 -0.012907674 0.017649440 0.991741836
1305031123.911243 -0.053473841 0.308279097 0.087211870 -0.124652579 -0.013866916 0.016805848 0.991961181
1305031123.951442 -0.052756082 0.302214384 0.087250568 -0.127571493 -0.014788586 0.018862125 0.991539717
1305031123.983415 -0.050175197 0.309813648 0.088864155 -0.122348860 -0.018688912 0.020728994 0.992094636
1305031124.011302 -0.051466819 0.304517359 0.090862967 -0.116653256 -0.022044862 0.020000333 0.992726564
1305031124.051505 -0.052777685 0.291929930 0.092344165 -0.116879135 -0.024422392 0.020635443 0.992631376
1305031124.083837 -0.051834024 0.292261869 0.096372053 -0.112290435 -0.027867086 0.020497968 0.993073106
1305031124.111331 -0.053578701 0.285408974 0.098033011 -0.104772493 -0.029696323 0.019019881 0.993870795
1305031124.147446 -0.055851243 0.267227143 0.102329351 -0.106613323 -0.029963465 0.017770577 0.993690073
1305031124.182694 -0.055917237 0.263079196 0.106032178 -0.103425384 -0.031028165 0.015053156 0.994039118
1305031124.211396 -0.055617921 0.252751559 0.109585084 -0.097073346 -0.032157641 0.012212050 0.994682610
1305031124.249327 -0.054255836 0.243066072 0.111561008 -0.093883775 -0.034495723 0.013083337 0.994899333
1305031124.282545 -0.055171058 0.226612851 0.112738207 -0.098027915 -0.038331602 0.012691328 0.994364202
1305031124.311361 -0.052528843 0.196720168 0.119234040 -0.104784608 -0.043366782 0.012627580 0.993468702
1305031124.350354 -0.052523226 0.186436504 0.120275959 -0.100778982 -0.046405260 0.011640773 0.993757844
1305031124.382420 -0.052385300 0.175581008 0.123116344 -0.097855836 -0.048571631 0.010705739 0.993956923
1305031124.411439 -0.050908204 0.158851862 0.126141712 -0.095786028 -0.050730865 0.009510118 0.994062841
1305031124.450245 -0.051178530 0.157391265 0.126821995 -0.083936714 -0.051627617 0.008941513 0.995092571
1305031124.480099 -0.049046449 0.142330050 0.128054723 -0.079643950 -0.053783573 0.006351622 0.995351076
1305031124.511324 -0.051583074 0.135512143 0.128802836 -0.071647041 -0.054488752 0.004858720 0.995928764
1305031124.550437 -0.052510522 0.124140613 0.130463108 -0.067968220 -0.055815581 0.002436104 0.996122003
1305031124.579404 -0.053738125 0.110707521 0.133963168 -0.064873539 -0.057741482 -0.000109201 0.996221542
1305031124.611358 -0.052563813 0.097550616 0.137612894 -0.060578432 -0.060854785 -0.002314080 0.996303976
1305031124.651271 -0.054332763 0.086514279 0.140552476 -0.057135161 -0.062273689 -0.004058394 0.996414125
1305031124.679362 -0.052166332 0.072808102 0.144010097 -0.053683821 -0.064911194 -0.005568036 0.996430397
1305031124.711251 -0.051201511 0.062952183 0.147630274 -0.048959814 -0.065438025 -0.007345060 0.996627748
1305031124.749890 -0.052485973 0.049396619 0.151837587 -0.047440730 -0.065326743 -0.009583889 0.996689498
1305031124.779365 -0.051998027 0.036259420 0.156245813 -0.044861946 -0.066628173 -0.009196392 0.996726394
1305031124.811360 -0.050946970 0.025159221 0.162401676 -0.043043714 -0.068338826 -0.009362620 0.996689200
1305031124.850535 -0.050605912 0.010989339 0.168322489 -0.043696035 -0.070003912 -0.009901616 0.996540070
1305031124.879355 -0.046613775 -0.002286920 0.175332755 -0.041895889 -0.071432188 -0.010394530 0.996510983
1305031124.911448 -0.046546493 -0.009099642 0.179561168 -0.039394628 -0.068950526 -0.009746848 0.996794283
1305031124.950730 -0.047618810 -0.020829836 0.186303571 -0.042372376 -0.067378789 -0.010265738 0.996774435
1305031124.979438 -0.051084828 -0.039271042 0.192860648 -0.042600222 -0.065437958 -0.009525853 0.996901393
1305031125.011454 -0.052314870 -0.050126851 0.195506319 -0.038221512 -0.067613378 -0.007763351 0.996948957
1305031125.050763 -0.048731908 -0.053844254 0.200171024 -0.034844361 -0.070706882 -0.006632957 0.996866286
1305031125.079364 -0.049776025 -0.065626405 0.205908537 -0.036093928 -0.069452606 -0.003350242 0.996926427
1305031125.111364 -0.050679605 -0.078690633 0.210276663 -0.036040749 -0.070457444 -0.002548512 0.996860206
1305031125.151013 -0.048502222 -0.088198863 0.214007065 -0.032463972 -0.071438126 -0.004528116 0.996906281
1305031125.179353 -0.049970400 -0.090152793 0.215800300 -0.031253461 -0.068512470 -0.003605799 0.997154057
1305031125.211320 -0.052318260 -0.103411466 0.221752971 -0.035422534 -0.066663995 -0.003342541 0.997140884
1305031125.250632 -0.056278978 -0.117203355 0.223772198 -0.034561314 -0.065352753 -0.006391533 0.997243047
1305031125.279467 -0.057856262 -0.121254176 0.226967469 -0.030978799 -0.065148667 -0.007755239 0.997364402
1305031125.311493 -0.056512374 -0.132534146 0.233311638 -0.031674936 -0.064331859 -0.006852372 0.997402191
1305031125.348880 -0.059472568 -0.138951749 0.232713535 -0.028084317 -0.062243722 -0.009832239 0.997617304
1305031125.379401 -0.056505606 -0.143247277 0.237364545 -0.027631860 -0.061300397 -0.014800685 0.997627020
1305031125.411335 -0.055535302 -0.146888852 0.242650956 -0.027219610 -0.055731405 -0.014840507 0.997964382
1305031125.451195 -0.058756266 -0.153675452 0.244637460 -0.030279109 -0.049475759 -0.017470105 0.998163342
1305031125.479424 -0.058792494 -0.163738549 0.247190863 -0.030956037 -0.045490168 -0.018700058 0.998309910
1305031125.511316 -0.060996771 -0.163460255 0.246451631 -0.029451307 -0.040989149 -0.019650491 0.998532116
1305031125.551020 -0.058162704 -0.166520625 0.250241190 -0.030677831 -0.039113633 -0.021016898 0.998542607
1305031125.579308 -0.059233941 -0.168418512 0.250221878 -0.031882204 -0.035198648 -0.023672942 0.998591065
1305031125.611533 -0.059326246 -0.175129756 0.250452280 -0.032584213 -0.031955436 -0.023460565 0.998682499
1305031125.650575 -0.063117564 -0.179457158 0.245620996 -0.029413009 -0.030733643 -0.020329814 0.998887897
1305031125.679328 -0.069135666 -0.171759829 0.236824289 -0.024052279 -0.032869589 -0.019812698 0.998973727
1305031125.711443 -0.064370483 -0.171729520 0.237886801 -0.022945270 -0.039937489 -0.017782427 0.998780429
1305031125.751260 -0.063784085 -0.159468025 0.233588502 -0.016779970 -0.042262129 -0.016487584 0.998829603
1305031125.779348 -0.063341126 -0.152082890 0.229675323 -0.016529365 -0.043106914 -0.019616421 0.998741090
1305031125.811573 -0.059197024 -0.140852302 0.227279708 -0.015470910 -0.043930970 -0.020172032 0.998711109
1305031125.847412 -0.060563590 -0.132685274 0.223416716 -0.017271811 -0.041943710 -0.022495938 0.998717368
1305031125.879318 -0.062807567 -0.125029460 0.217262670 -0.017622700 -0.041751441 -0.022812719 0.998712063
1305031125.911305 -0.066510946 -0.109832428 0.211109906 -0.019132573 -0.043838389 -0.021837860 0.998616636
1305031125.947343 -0.066725023 -0.109119684 0.207585812 -0.024953032 -0.050640058 -0.019223759 0.998220146
1305031125.979324 -0.063435778 -0.094442531 0.205447540 -0.024399105 -0.059156470 -0.014571031 0.997844100
1305031126.011333 -0.059791856 -0.079629213 0.202137277 -0.025048787 -0.065568984 -0.015347862 0.997415483
1305031126.047324 -0.056056432 -0.064355761 0.200772449 -0.026722835 -0.067774102 -0.015061134 0.997229040
1305031126.079356 -0.055625223 -0.050887607 0.197733000 -0.030210713 -0.066210255 -0.015193108 0.997232497
1305031126.111370 -0.054656960 -0.043065708 0.196867555 -0.035308119 -0.065600686 -0.015415253 0.997101903
1305031126.147432 -0.051785432 -0.025620118 0.194947705 -0.036402408 -0.065475784 -0.013015386 0.997105002
1305031126.179384 -0.052822288 -0.009714330 0.190506592 -0.041707713 -0.065080158 -0.012345478 0.996931612
1305031126.211319 -0.051112100 -0.001365805 0.189793348 -0.046868343 -0.065820046 -0.012124318 0.996656418
1305031126.247298 -0.048366316 0.014618935 0.187419817 -0.048659027 -0.065469071 -0.011288169 0.996603549
1305031126.279363 -0.046827503 0.027663395 0.186871022 -0.052362490 -0.064418741 -0.012379806 0.996471345
1305031126.311332 -0.044571221 0.043866672 0.183501393 -0.054931715 -0.061872050 -0.013902018 0.996474326
1305031126.347363 -0.049122676 0.054131784 0.180066139 -0.059327684 -0.055933699 -0.016531048 0.996533155
1305031126.379423 -0.049042698 0.066535622 0.177954406 -0.062171075 -0.053407297 -0.017495271 0.996482015
1305031126.411465 -0.048448171 0.077561736 0.174363360 -0.066549554 -0.052033823 -0.018545223 0.996252835
1305031126.447361 -0.050421070 0.085727394 0.172503367 -0.071289845 -0.049649034 -0.017841088 0.996059477
1305031126.479533 -0.052426971 0.096350871 0.169341281 -0.073099032 -0.049335964 -0.015260262 0.995986760
1305031126.511410 -0.052155640 0.112328403 0.164029390 -0.074189372 -0.050942387 -0.013654283 0.995848596
1305031126.547374 -0.049115106 0.121435769 0.163449556 -0.079888232 -0.052149028 -0.013489477 0.995347381
1305031126.579454 -0.047966771 0.129052073 0.160863042 -0.084604673 -0.050308596 -0.011616706 0.995075941
1305031126.611528 -0.047864575 0.138764709 0.159197316 -0.089071460 -0.048350714 -0.010208049 0.994798601
1305031126.647376 -0.044096664 0.140438005 0.159029752 -0.094779283 -0.048030812 -0.008084724 0.994306087
1305031126.679479 -0.045412876 0.150077954 0.155722648 -0.095050842 -0.044757385 -0.003716466 0.994458795
1305031126.711583 -0.044392899 0.156873658 0.153757975 -0.097221985 -0.043411136 -0.001177234 0.994314849
1305031126.747316 -0.042984497 0.155511409 0.152788341 -0.100847110 -0.041930716 0.001852375 0.994016230
1305031126.779379 -0.042165734 0.163235068 0.149856210 -0.099123217 -0.041022155 0.004964569 0.994216859
1305031126.811602 -0.041300885 0.168605179 0.147767738 -0.098455042 -0.038578562 0.004564601 0.994382977
1305031126.847343 -0.038912568 0.171555698 0.144409433 -0.098908983 -0.035633855 0.005644303 0.994442225
1305031126.879357 -0.037899613 0.174845651 0.142674372 -0.098970868 -0.034085978 0.005788034 0.994489551
1305031126.911364 -0.037251964 0.175570771 0.142027050 -0.099528871 -0.031940140 0.005645137 0.994505882
1305031126.947437 -0.037038367 0.177780196 0.140676901 -0.099983566 -0.031198557 0.007985936 0.994467795
1305031126.979337 -0.037368249 0.177614808 0.140016407 -0.100142732 -0.031779964 0.008776371 0.994426668
1305031127.011371 -0.036762875 0.177675754 0.139533579 -0.098500155 -0.032802962 0.008954837 0.994555950
1305031127.047297 -0.035237864 0.177315757 0.138827637 -0.098146178 -0.033796314 0.010212968 0.994545519
1305031127.079299 -0.036750041 0.177552208 0.139669985 -0.098232582 -0.033636738 0.010229763 0.994542241
1305031127.111435 -0.038895763 0.170721456 0.139262855 -0.100773223 -0.034852121 0.011336467 0.994234145
1305031127.147307 -0.040437028 0.166273385 0.139612004 -0.100584865 -0.037599567 0.011498472 0.994151294
1305031127.179349 -0.038423620 0.167042956 0.139914155 -0.097619601 -0.041343346 0.011538920 0.994297743
1305031127.211700 -0.036295190 0.166343391 0.141910732 -0.096439861 -0.043859530 0.011271449 0.994308114
1305031127.247374 -0.036167949 0.159931630 0.143814072 -0.096258827 -0.044003963 0.009984050 0.994333029
1305031127.279465 -0.037440993 0.161565632 0.144116491 -0.092450224 -0.043688968 0.009098823 0.994716763
1305031127.311362 -0.039000914 0.156682923 0.145265311 -0.093903676 -0.044151731 0.008412044 0.994566202
1305031127.347356 -0.038639627 0.148359731 0.148502499 -0.094266549 -0.045951970 0.007733503 0.994455874
1305031127.379262 -0.038988587 0.151528716 0.149733976 -0.089561492 -0.047117494 0.007955405 0.994834363
1305031127.411371 -0.039946645 0.148303509 0.150607049 -0.089920215 -0.047867134 0.007116621 0.994772553
1305031127.447333 -0.038630150 0.141502053 0.154375017 -0.091108955 -0.050038837 0.007266586 0.994556427
1305031127.479362 -0.040633876 0.143004805 0.153412387 -0.088060521 -0.050183494 0.006308632 0.994830191
1305031127.511356 -0.041997440 0.143028587 0.154852450 -0.088391945 -0.050878458 0.004809756 0.994773924
1305031127.547348 -0.040405430 0.136925399 0.158316523 -0.090042055 -0.052716989 0.005309007 0.994527638
1305031127.579345 -0.042238116 0.138104320 0.158413678 -0.087393068 -0.052472468 0.004776233 0.994779527
1305031127.611271 -0.042835176 0.139626995 0.159146369 -0.086839199 -0.052794036 0.004412048 0.994812727
1305031127.647358 -0.041135319 0.135413244 0.161081865 -0.088983871 -0.053905033 0.006104749 0.994554579
1305031127.679298 -0.042264096 0.134178579 0.161743104 -0.087538503 -0.053793032 0.006838350 0.994684160
1305031127.711375 -0.043217123 0.135657251 0.160287395 -0.086470529 -0.054142375 0.006254725 0.994762421
1305031127.747304 -0.042393580 0.133806035 0.162585586 -0.087751880 -0.055100914 0.006408083 0.994596601
1305031127.779346 -0.042051055 0.130791247 0.163458824 -0.087477498 -0.055515084 0.006628734 0.994596303
1305031127.811829 -0.042761993 0.132637218 0.161990747 -0.085178562 -0.055637557 0.005322798 0.994796813
1305031127.847366 -0.044077639 0.131027505 0.162078515 -0.085932165 -0.055125728 0.004432989 0.994764864
1305031127.879380 -0.044970971 0.129521012 0.162429422 -0.086262278 -0.055242658 0.004177585 0.994730949
1305031127.911476 -0.045476556 0.131132498 0.162926108 -0.085048124 -0.056148432 0.003750783 0.994786441
1305031127.947366 -0.046738811 0.132095382 0.163183033 -0.085447431 -0.056540634 0.003791897 0.994729877
1305031127.979371 -0.044883788 0.129511684 0.164643124 -0.087968484 -0.058078352 0.003972847 0.994420767
1305031128.011427 -0.044327915 0.130314291 0.165975809 -0.088628389 -0.058263090 0.003636228 0.994352639
1305031128.047369 -0.042996846 0.127418354 0.169864073 -0.091899246 -0.058070231 0.004771627 0.994062185
1305031128.079334 -0.043858305 0.124901369 0.171319067 -0.092153713 -0.057293687 0.005316809 0.994080901
1305031128.111391 -0.043304201 0.124641247 0.172360018 -0.091378704 -0.057782441 0.006478079 0.994117260
1305031128.147418 -0.042390198 0.123864383 0.174268112 -0.092327394 -0.058297217 0.007867401 0.993989527
1305031128.179350 -0.041194953 0.119449511 0.176789477 -0.092941418 -0.058693781 0.009478558 0.993894935
1305031128.211447 -0.042548120 0.121135667 0.175139725 -0.090039998 -0.058031131 0.009384373 0.994201720
1305031128.247480 -0.043237045 0.122084484 0.175144613 -0.090115100 -0.058241647 0.009758526 0.994179070
1305031128.279336 -0.041466270 0.118019566 0.177203879 -0.091604762 -0.059393670 0.010163468 0.993970633
1305031128.311483 -0.043068424 0.119514689 0.176048711 -0.089568175 -0.058654860 0.008998674 0.994211316
1305031128.347423 -0.043070044 0.119822189 0.176194191 -0.089479454 -0.058884013 0.008477624 0.994210362
1305031128.379404 -0.043627799 0.117127180 0.176233530 -0.090589300 -0.059139501 0.006448901 0.994109929
1305031128.411337 -0.044346314 0.115960807 0.176154077 -0.090123661 -0.058851250 0.005562378 0.994174659
1305031128.447296 -0.045408588 0.116916880 0.175842136 -0.089312755 -0.058617108 0.004212077 0.994268358
1305031128.479296 -0.045803614 0.116648510 0.176139578 -0.089306451 -0.058753900 0.002840998 0.994265676
1305031128.511433 -0.044770874 0.115427859 0.176238194 -0.089131638 -0.059085462 0.002605787 0.994262397
1305031128.547399 -0.044702485 0.114867821 0.176368847 -0.089277305 -0.058626704 0.001619557 0.994278550
1305031128.579455 -0.044093929 0.112108625 0.176544309 -0.089503102 -0.058296837 0.001753742 0.994277418
1305031128.611395 -0.046459004 0.111247659 0.175179511 -0.088541836 -0.057401653 0.001828233 0.994415462
1305031128.647352 -0.047262728 0.111367986 0.174379349 -0.087894991 -0.058351066 0.001957578 0.994417310
1305031128.679282 -0.045665249 0.110130869 0.175450951 -0.087952487 -0.060591206 0.001729753 0.994278669
1305031128.711457 -0.044626776 0.109939560 0.175153553 -0.086668618 -0.060831591 0.001174290 0.994377553
1305031128.747363 -0.045271829 0.110460445 0.173699409 -0.085597195 -0.059534468 -0.000338406 0.994549453
