1305031910.765238 -0.0003534 -0.0000773 -0.0004505 0.0000809 -0.0000418 -0.0000634 1.0000000
1305031910.865025 -0.0312864 -0.0055693 0.0091086 0.0071218 -0.0129307 -0.0222377 0.9996437
1305031910.897222 -0.0337178 -0.0104616 0.0154736 0.0062486 -0.0235705 -0.0310056 0.9992217
1305031911.035050 -0.0728165 -0.0215861 0.0319864 0.0126905 -0.0514640 -0.0594095 0.9968254
1305031911.165177 -0.1066231 -0.0339751 0.0407676 0.0160094 -0.1123012 -0.1009303 0.9884054
1305031911.433256 -0.1535267 -0.0416735 0.0722953 0.0379463 -0.1867362 -0.1497125 0.9701937
1305031911.597302 -0.1941953 -0.0579631 0.0780639 0.0470010 -0.2370340 -0.1520726 0.9583735
1305031911.733203 -0.2058913 -0.0413773 0.1036012 0.0590087 -0.2759613 -0.1831797 0.9417051
1305031911.865269 -0.2218554 -0.0223503 0.1183705 0.0529206 -0.3007494 -0.2123447 0.9282559
1305031911.997252 -0.2354909 -0.0127732 0.1226923 0.0266461 -0.3509362 -0.2349396 0.9060558
1305031912.233265 -0.2239043 -0.0357003 0.1541246 0.0122361 -0.4057803 -0.2905341 0.8664771
1305031912.833077 -0.1865544 -0.0678813 0.1747873 0.0226610 -0.4868338 -0.3630983 0.7941278
1305031913.165211 -0.1614062 -0.0759031 0.1933059 0.0499503 -0.4469282 -0.3231834 0.8326539
1305031913.297160 -0.1471348 -0.0765003 0.2066763 0.0502566 -0.4050117 -0.2616122 0.8746421
1305031913.465231 -0.1023001 -0.0783115 0.2333578 0.0617037 -0.3377488 -0.1997586 0.9177226
1305031913.633293 -0.0702694 -0.0671851 0.2170068 0.0687177 -0.2168818 -0.1266695 0.9655024
1305031913.797106 -0.0370165 -0.0423474 0.1747950 0.0405377 -0.1032007 -0.0472917 0.9927083
1305031913.965134 0.0110656 -0.0250658 0.1322203 0.0225762 -0.0269518 0.0261017 0.9990408
1305031914.133245 0.0753296 -0.0031793 0.0796992 0.0170113 0.0322239 0.0898025 0.9952928
1305031914.297165 0.1650591 0.0275272 0.0324525 0.0373113 0.0862942 0.1170236 0.9886692
1305031914.465054 0.2481665 0.0750122 -0.0119247 0.0185132 0.0915010 0.1112350 0.9893996
1305031914.633055 0.3492062 0.1251618 -0.0621864 0.0016772 0.0961127 0.0899295 0.9912983
1305031914.833133 0.4474801 0.1562697 -0.1076187 -0.0213921 0.1102021 0.0822538 0.9902688
1305031915.133208 0.6140169 0.1847815 -0.1653014 -0.0098022 0.0652706 0.0566438 0.9962104
1305031915.333207 0.7174272 0.2018336 -0.1944876 0.0110452 0.0300674 0.0031514 0.9994819
1305031915.564985 0.8610098 0.1860977 -0.2145395 0.0067981 -0.0570026 -0.0781233 0.9952895
1305031915.765010 0.9597083 0.1762666 -0.2267894 0.0109022 -0.0832296 -0.1194368 0.9892870
1305031915.933056 1.0564182 0.1596466 -0.2069471 -0.0019806 -0.1608227 -0.1640341 0.9732548
1305031916.101115 1.1309361 0.0936972 -0.1870025 0.0073148 -0.1966101 -0.2019729 0.9594258
1305031916.301076 1.2499552 0.0747597 -0.1851138 0.0995143 -0.2885163 -0.2230220 0.9258058
1305031916.533266 1.3393455 0.0152770 -0.1908621 0.2003595 -0.3203580 -0.2202654 0.8992831
1305031916.801088 1.4158471 -0.0623774 -0.1288361 0.2602478 -0.4078189 -0.2073087 0.8502811
1305031917.033155 1.4252951 -0.1362252 -0.1250531 0.3045873 -0.4597854 -0.1783962 0.8148612
1305031917.201175 1.4861008 -0.1619995 -0.0154115 0.3900147 -0.4868199 -0.1590565 0.7652424
1305031917.265163 1.4943153 -0.1884950 -0.0275595 0.4071751 -0.4909333 -0.1454855 0.7563245
1305031917.301107 1.5092638 -0.2071969 -0.0336078 0.4128529 -0.4956982 -0.1417338 0.7508311
1305031917.365138 1.5283650 -0.2491587 -0.0547440 0.4086225 -0.5030720 -0.1435906 0.7478823
1305031917.465076 1.5575181 -0.2577943 -0.0771121 0.3832834 -0.5042658 -0.1523961 0.7586733
1305031917.533057 1.5689516 -0.2854478 -0.0569099 0.3529209 -0.5035517 -0.1687336 0.7703321
1305031917.633090 1.5903552 -0.2638002 0.0202679 0.3222499 -0.5055642 -0.1957046 0.7760538
1305031917.733003 1.6262182 -0.2321658 0.0977215 0.2893006 -0.5163556 -0.2084320 0.7786129
1305031917.833090 1.6586934 -0.1994586 0.1506445 0.2420116 -0.5227792 -0.2279274 0.7849723
1305031917.901060 1.6777821 -0.2157738 0.1803324 0.2067951 -0.5230497 -0.2504446 0.7879926
1305031917.965346 1.6870096 -0.2413534 0.1892435 0.1656680 -0.5165837 -0.2726673 0.7945741
1305031918.065137 1.7150570 -0.2591577 0.2166718 0.1210963 -0.5099961 -0.3078531 0.7940190
1305031918.265256 1.7749925 -0.2994817 0.3040189 0.0698207 -0.5036702 -0.3671016 0.7788952
1305031918.465089 1.8258274 -0.3652885 0.4267923 0.0162423 -0.4673812 -0.4280701 0.7733350
1305031918.665112 1.8559477 -0.4328677 0.5417264 -0.0049229 -0.4382938 -0.4559486 0.7745872
1305031918.933071 1.8779013 -0.5493519 0.6442879 0.0254241 -0.4486561 -0.5254838 0.7224458
1305031919.233093 1.8879926 -0.6448463 0.7650746 0.0403125 -0.5212264 -0.5927476 0.6126567
1305031919.465070 1.9177464 -0.7330523 0.8640052 0.0378138 -0.5874556 -0.6242387 0.5136070
1305031919.665042 1.9263954 -0.8364902 0.9170883 -0.0432038 0.6159606 0.6223816 -0.4810063
1305031919.801129 1.9156399 -0.8969206 0.9405342 -0.0477032 0.6403705 0.6014458 -0.4753031
1305031920.001054 1.8518549 -0.9533159 0.9872348 -0.0052572 0.6946845 0.5693356 -0.4395939
1305031920.132987 1.8012189 -0.9717348 1.0203347 0.0178714 0.7282090 0.5509454 -0.4072486
1305031920.265120 1.7351224 -0.9857542 1.0601925 0.0110277 0.7306253 0.5446074 -0.4116648
1305031920.401115 1.6700921 -0.9975234 1.0803289 -0.0025985 0.7133164 0.5211346 -0.4686061
1305031920.533105 1.6298397 -1.0062838 1.0786548 0.0275374 -0.6977846 -0.4946214 0.5173858
1305031920.733091 1.5675526 -1.0339185 1.0878185 0.0574196 -0.6747071 -0.4506369 0.5817214
1305031920.933077 1.5238501 -1.0711502 1.0967863 0.0927237 -0.6296616 -0.3998971 0.6595535
1305031921.265164 1.4463850 -1.1565958 1.1122324 0.1161146 -0.5337143 -0.3826152 0.7451658
1305031921.633107 1.4010975 -1.2416843 1.1508125 0.1285760 -0.4550573 -0.3251178 0.8189564
1305031921.701068 1.4352083 -1.3005382 1.2075961 0.1245624 -0.4454263 -0.3098958 0.8306890
1305031921.833122 1.3860675 -1.2820418 1.1862705 0.1313028 -0.3642140 -0.2901731 0.8751613
1305031922.233248 1.3138709 -1.3044513 1.2285333 0.1157491 -0.2462749 -0.2380894 0.9323434
1305031922.701355 1.2646606 -1.2803124 1.2492211 0.0751918 -0.1134993 -0.2180344 0.9663980
1305031923.165168 1.2913495 -1.2898225 1.2645226 0.0917971 -0.0270881 -0.1547359 0.9833089
1305031923.465290 1.3484126 -1.2671137 1.2622515 0.0958032 0.0321372 -0.0917285 0.9906436
1305031923.665141 1.3998064 -1.2579395 1.2257031 0.1191068 0.0465962 -0.0543652 0.9902963
1305031923.901121 1.4627039 -1.2182137 1.1575897 0.1355767 0.0598136 -0.0493768 0.9877263
1305031924.065224 1.5126480 -1.1671200 1.1127994 0.1440903 0.0767943 -0.0607884 0.9847057
1305031924.301099 1.5770090 -1.1143057 1.0576881 0.1366213 0.0648965 -0.0712554 0.9859238
1305031924.533245 1.6191695 -1.0608934 0.9970071 0.1360042 0.0253615 -0.0869963 0.9865553
1305031924.865165 1.6897310 -0.9816991 0.9363720 0.1750469 -0.0217360 -0.0862773 0.9805316
1305031925.233193 1.7301679 -0.8860463 0.8804375 0.1767117 -0.0509642 -0.1003327 0.9778082
1305031925.533321 1.7844996 -0.8000741 0.8382037 0.1783460 -0.0507546 -0.1235816 0.9748560
1305031925.769246 1.8578786 -0.7329881 0.8156778 0.1762967 -0.0350873 -0.0929837 0.9793071
1305031925.901176 1.9005636 -0.7005717 0.8112059 0.1471809 -0.0161735 -0.0806981 0.9856794
1305031926.101106 1.9485588 -0.6565556 0.7882831 0.1130275 0.0000280 -0.0534048 0.9921556
1305031926.301054 2.0069458 -0.6051533 0.7410015 0.1047477 0.0375327 -0.0415437 0.9929216
1305031926.501075 2.0562761 -0.5690354 0.6845484 0.1052433 0.0901185 -0.0096235 0.9903080
1305031926.733207 2.0723009 -0.5115454 0.6228161 0.1146301 0.1559989 0.0499277 0.9798120
1305031926.869333 2.0728619 -0.4964805 0.6059946 0.1059264 0.2161904 0.1039133 0.9650095
1305031927.033929 2.0923500 -0.4801713 0.5912778 0.0815659 0.3033090 0.1783049 0.9325010
1305031927.169161 2.1278520 -0.4400602 0.5598636 0.0579738 0.3406589 0.2315930 0.9093708
1305031927.301135 2.1461101 -0.3809437 0.5324911 0.0233557 0.3525230 0.2718022 0.8951567
1305031927.501136 2.1743135 -0.3061047 0.5131975 -0.0145822 0.3705867 0.3194620 0.8720074
1305031927.801109 2.2126927 -0.2281972 0.4974011 -0.0708325 0.3530179 0.2860155 0.8880069
1305031928.201096 2.3240216 -0.1246260 0.3959398 -0.0942979 0.3535512 0.2858413 0.8856660
1305031928.433543 2.3796947 -0.0940827 0.3240284 -0.0895984 0.3970323 0.3336372 0.8503080
1305031928.601271 2.4260583 -0.0750070 0.2550623 -0.0530323 0.4440669 0.3898606 0.8049850
1305031928.733185 2.4404221 -0.0877794 0.2071525 -0.0203131 0.4947938 0.3982415 0.7721206
1305031928.869148 2.4455950 -0.0997390 0.1714593 0.0178355 0.5408003 0.3947900 0.7425347
1305031929.033640 2.4362411 -0.1354488 0.1407513 0.0684720 0.6084571 0.3721946 0.6975405
1305031929.201163 2.4209096 -0.1559173 0.1045198 0.1198773 0.6748477 0.3439748 0.6417876
1305031929.401369 2.4045577 -0.2084817 0.1008958 0.1821510 0.7354133 0.3180672 0.5699311
1305031929.869242 2.3661256 -0.4633623 0.1116049 0.2491214 0.7925848 0.2434542 0.5004777
1305031930.501044 2.1983249 -0.2397984 0.0721872 0.2045410 0.8252539 0.3003089 0.4323581
1305031931.068905 2.1267111 -0.0866076 0.1396402 0.0861792 0.7695937 0.4606323 0.4337240
1305031931.369797 2.1233985 -0.0386317 0.1495571 0.0097712 0.7506572 0.5612503 0.3484486
1305031932.032913 2.2776003 0.0531412 0.1766151 0.0301171 0.7420487 0.6447141 0.1811091
1305031932.632929 2.4188080 0.1107256 0.0982159 0.0839294 0.7215494 0.6116344 0.3134098
1305031932.869016 2.4940820 0.0960759 0.0570094 0.0935721 0.7245928 0.5594115 0.3914950
1305031933.068879 2.5225570 0.1143498 0.0322202 0.1018176 0.7412962 0.5128707 0.4208049
1305031933.533065 2.5439117 0.1464313 0.0123777 0.0971205 0.7904066 0.5233760 0.3031545
1305031933.868855 2.4873364 0.1692918 0.0456392 0.0921406 0.8139514 0.5521767 0.1552231
1305031934.132845 2.4282138 0.1654438 0.0924578 0.0685185 0.8049078 0.5817142 0.0950644
1305031934.300934 2.3741248 0.1533433 0.1197575 0.0570095 0.7976639 0.5968932 0.0648131
1305031934.436865 2.3262954 0.1438375 0.1306330 0.0499223 0.7910346 0.6052573 0.0737265
1305031934.569101 2.2685022 0.1323850 0.1401463 0.0259464 0.7967370 0.5965971 0.0927840
1305031934.700945 2.2076674 0.1175029 0.1338225 0.0162568 0.7984596 0.5917231 0.1098261
1305031934.836769 2.1449893 0.1081133 0.1278472 0.0030226 0.8020511 0.5810580 0.1381174
1305031934.969077 2.0755475 0.0996464 0.1138412 -0.0098913 0.8101148 0.5593034 0.1754875
1305031935.136853 1.9876888 0.0898678 0.0886455 -0.0103777 0.8225069 0.5302526 0.2054432
1305031935.368827 1.8888649 0.0806856 0.0355283 0.0145712 0.8237886 0.5272962 0.2076501
1305031935.536900 1.8358408 0.0845472 -0.0144605 0.0432819 0.8309376 0.5287924 0.1674752
1305031935.669100 1.7815661 0.0652614 -0.0694892 0.0504215 0.8561217 0.4991244 0.1240491
1305031935.768974 1.7454029 0.0613526 -0.0878944 0.0278306 0.8859535 0.4573526 0.0716964
1305031935.936825 1.6656679 0.0241555 -0.1848442 0.0071377 0.9054472 0.4241177 0.0154436
1305031936.237546 1.6125152 0.0040284 -0.2437787 -0.0175398 0.9317634 0.3596926 -0.0461577
1305031936.836845 1.4914345 0.0659230 -0.2778699 0.0398286 0.9444053 0.3022070 -0.1232207
1305031937.068765 1.3934650 0.1140311 -0.3166512 0.0670262 0.9114167 0.3988153 -0.0759830
1305031937.268821 1.3295521 0.1838889 -0.3059840 0.0910941 0.8784282 0.4677934 -0.0351431
1305031937.500797 1.2844880 0.2649514 -0.2988608 0.1046081 0.8295013 0.5483201 -0.0181627
1305031937.700837 1.2523741 0.3457854 -0.2660948 0.1023549 0.7795748 0.6176730 -0.0163291
1305031937.968830 1.2003610 0.4312254 -0.2475593 0.0885699 0.7364960 0.6674626 -0.0649820
1305031938.236878 1.1361284 0.4913962 -0.2385612 0.0904908 0.6861935 0.7027615 -0.1645483
1305031938.468781 1.0521860 0.5221158 -0.2187080 0.0823957 0.6690093 0.6966162 -0.2456893
1305031938.601007 1.0333169 0.5161273 -0.2259830 0.0517571 0.6764199 0.6794307 -0.2795554
1305031938.700851 1.0150478 0.4971261 -0.2279842 0.0238529 0.6939686 0.6552125 -0.2975487
1305031938.800781 1.0128284 0.4717274 -0.2180165 -0.0138910 0.7199962 0.6179402 -0.3155349
1305031938.869057 1.0111874 0.4517240 -0.2287144 -0.0401301 0.7327728 0.5946532 -0.3283612
1305031938.936828 1.0075283 0.4364076 -0.2373784 -0.0594995 0.7440179 0.5689084 -0.3453120
1305031939.001030 0.9888775 0.4030309 -0.2499016 -0.0673525 0.7548706 0.5486271 -0.3530472
1305031939.200865 0.9833733 0.3411595 -0.2641382 -0.0955236 0.7909358 0.4786843 -0.3689948
1305031939.568772 0.9722515 0.2189549 -0.2961912 -0.1433946 0.8506777 0.3412205 -0.3733015
1305031939.968904 0.9677607 0.1725959 -0.2493112 -0.1403976 0.8160145 0.3165142 -0.4628472
1305031940.369236 0.8875527 0.1913748 -0.2587680 0.1408360 -0.7017616 -0.3264934 0.6173313
1305031940.636761 0.8090743 0.2716380 -0.2597831 0.1130453 -0.6068321 -0.3058555 0.7248641
1305031940.968758 0.7324859 0.3127325 -0.2188255 0.1059073 -0.5189969 -0.3290884 0.7817459
1305031941.671554 0.4090814 0.3790313 -0.1283924 0.0378698 -0.3540478 -0.2455330 0.9016261
1305031942.100691 0.2286242 0.4686514 -0.1329416 0.0859895 -0.2897010 -0.2223448 0.9269530
1305031942.539453 0.0825795 0.5498102 -0.0724054 0.0453529 -0.2634676 -0.2432600 0.9323907
1305031943.339941 -0.0751081 0.4340255 0.0692205 0.0269458 -0.3166844 -0.2858223 0.9040412
1305031943.638026 -0.0865874 0.2915893 0.0789852 0.0579743 -0.3311559 -0.2688040 0.9026179
1305031943.868873 -0.1083510 0.1835000 0.0557771 0.0960622 -0.3388519 -0.2711186 0.8957936
1305031944.370745 -0.0740496 0.1256598 0.0280811 0.1966438 -0.3133379 -0.1788794 0.9116758
1305031944.671779 -0.0002724 0.1337863 0.0124112 0.1626661 -0.2097548 -0.1150261 0.9572417
1305031945.007437 0.0362465 0.0858089 0.0095395 0.1223631 -0.1034786 -0.0872497 0.9832126
1305031945.338940 0.0910357 0.0607662 -0.0167906 0.2673002 -0.1150222 -0.0611410 0.9547682
1305031945.506438 0.1400574 0.0504837 -0.0066470 0.3133740 -0.1420822 -0.0622639 0.9368739
1305031945.606029 0.1749593 0.0484734 0.0027311 0.3315575 -0.1280768 -0.0588571 0.9328461
1305031945.769045 0.2496108 0.0761689 0.0332919 0.3143242 -0.1145274 -0.0557105 0.9407339
1305031945.909177 0.2971686 0.0978080 0.0522422 0.2565444 -0.0930479 -0.0489914 0.9607949
1305031946.037278 0.3303405 0.0997278 0.0594920 0.1842280 -0.0476595 -0.0369755 0.9810308
1305031946.168867 0.3604506 0.1051843 0.0529995 0.1463387 -0.0150287 -0.0206491 0.9889048
1305031946.306775 0.3729154 0.1383661 0.0367911 0.1196593 -0.0091626 -0.0192050 0.9925870
1305031946.637163 0.4264021 0.2427410 -0.0932194 0.0809544 -0.0226873 -0.0261593 0.9961161
1305031947.169117 0.5232971 0.3656600 -0.2781181 0.0578835 -0.0076746 -0.0336201 0.9977276
1305031947.669011 0.7421242 0.3594859 -0.2521387 0.0633181 -0.1069162 -0.1270113 0.9840873
1305031947.968976 0.9146545 0.3525021 -0.2287492 0.1080894 -0.1922959 -0.2170565 0.9509077
1305031948.304939 1.0410106 0.2935393 -0.1611824 0.1082831 -0.2541770 -0.2502532 0.9279236
1305031948.636912 1.1649736 0.1776407 -0.0186729 0.0740977 -0.2389514 -0.2668594 0.9306974
1305031948.868835 1.2487258 0.1156139 0.0732629 0.0471468 -0.2106296 -0.2723203 0.9376854
1305031948.905077 1.2546239 0.1075934 0.0849180 0.0340436 -0.2043288 -0.2702344 0.9402468
1305031949.168946 1.3165566 0.0819999 0.1955536 -0.0792020 -0.1991979 -0.2883805 0.9332116
1305031949.437094 1.3794206 0.0304134 0.2769714 -0.1245623 -0.2568138 -0.3664122 0.8855919
1305031949.637172 1.4090487 -0.0391759 0.2948818 -0.1002035 -0.3056531 -0.3969970 0.8596097
1305031949.868951 1.4141092 -0.1321431 0.2833560 -0.0070831 -0.3558104 -0.3808009 0.8534281
1305031950.004952 1.4284406 -0.1769774 0.2757949 0.0683906 -0.3703453 -0.3596550 0.8537068
1305031950.036989 1.4281956 -0.1869928 0.2745543 0.0852995 -0.3688626 -0.3483551 0.8575040
1305031950.136997 1.4229006 -0.2355562 0.2614684 0.1358763 -0.3672615 -0.3052464 0.8680330
1305031950.168914 1.4235910 -0.2479255 0.2569572 0.1610873 -0.3704830 -0.2865385 0.8687283
1305031950.237027 1.4261105 -0.2659296 0.2594493 0.2141819 -0.3739739 -0.2522209 0.8664030
1305031950.304978 1.4356793 -0.2749718 0.2572116 0.2553771 -0.3722761 -0.2323607 0.8615112
1305031950.404939 1.4288592 -0.3160256 0.2415605 0.3015904 -0.3734713 -0.2154534 0.8503777
1305031950.568883 1.4412425 -0.3329689 0.2587005 0.3458892 -0.3911441 -0.1976943 0.8296288
1305031950.936970 1.4505620 -0.2635872 0.3582656 0.2182582 -0.3820673 -0.2352648 0.8666247
1305031951.168908 1.5037415 -0.2790748 0.3918234 0.1519666 -0.3883303 -0.2890141 0.8617288
1305031951.336937 1.5752976 -0.2810843 0.4299300 0.1087329 -0.4002651 -0.3633445 0.8342336
1305031951.504916 1.6514423 -0.3022817 0.4855613 0.0763656 -0.3908989 -0.4137357 0.8186508
1305031951.968839 1.7610025 -0.3952499 0.6998013 -0.0373619 -0.3115557 -0.4221034 0.8505092
1305031952.404918 1.7511261 -0.5175906 0.8297430 -0.0253187 -0.4088383 -0.4942122 0.7667884
1305031952.736938 1.7136025 -0.5881997 0.8890731 0.0095541 -0.4432802 -0.4550266 0.7722449
1305031953.004869 1.6974905 -0.6267902 0.8987811 0.0491668 -0.5627015 -0.4362686 0.7004423
1305031953.273087 1.6933452 -0.6754448 0.9039775 0.0818595 -0.6103619 -0.4502282 0.6465694
1305031953.536948 1.7046893 -0.6873397 0.8677616 0.0838685 -0.6488996 -0.4446701 0.6116894
1305031953.836840 1.7381239 -0.6664369 0.8377580 0.0223492 -0.6196571 -0.4398312 0.6496723
1305031954.136939 1.7655292 -0.6427888 0.8013358 0.0219247 -0.5012335 -0.4423008 0.7434072
1305031954.436896 1.7831101 -0.6021549 0.6802158 0.0599505 -0.4367802 -0.4316849 0.7869417
1305031954.736939 1.7807548 -0.5253198 0.5541741 0.0644697 -0.3983463 -0.3976178 0.8240534
1305031955.073048 1.7765462 -0.4488793 0.4738616 0.0764814 -0.3674679 -0.3838998 0.8436462
1305031955.472931 1.7555175 -0.3901906 0.4592758 0.0377115 -0.3296859 -0.3882760 0.8597249
