1311867718.641710 0.0000000 0.0000000 0.0000000 0.0000000 0.0000000 0.0000000 1.0000000
1311867720.778976 -0.0235966 -0.0018467 0.0180671 -0.0153548 -0.1294264 -0.0151050 0.9913551
1311867722.140966 -0.0332893 0.0027606 0.0117122 -0.0327131 -0.2112543 -0.0205705 0.9766669
1311867723.641284 -0.0463952 0.0034812 0.0135651 -0.0400465 -0.2977532 -0.0241641 0.9534964
1311867725.045371 -0.0586655 0.0000229 0.0099670 -0.0464297 -0.3679345 -0.0207290 0.9284605
1311867726.245339 -0.0727355 0.0034684 0.0050202 -0.0598956 -0.4181205 -0.0213903 0.9061624
1311867738.714209 0.0384942 -0.0280899 -0.0054341 -0.0558393 0.1360454 -0.0076991 0.9890977
1311867741.814390 0.0368719 -0.0321529 -0.0272247 -0.0408155 0.2462927 0.0003271 0.9683356
1311867745.982737 0.0584464 -0.0314362 -0.0591144 -0.0512091 0.3405835 -0.0003623 0.9388186
1311867746.514539 0.0578732 -0.0335407 -0.0675447 -0.0413257 0.3577478 -0.0013075 0.9329025
1311867763.919475 -0.0120283 -0.0547946 -0.0515936 0.2142808 -0.0128002 -0.0109793 0.9766265
1311867765.219855 -0.0202904 -0.0526896 -0.0629529 0.2299879 -0.0093525 -0.0118751 0.9730761
1311867765.519789 -0.0236706 -0.0506870 -0.0644271 0.2303755 -0.0060677 -0.0088597 0.9730425
1311867766.952069 -0.0136115 -0.0499182 -0.0661991 0.1935252 -0.0022055 -0.0089168 0.9810523
1311867772.720283 -0.0150438 -0.0204749 -0.0303635 -0.0750539 0.0097051 0.0014694 0.9971312
1311867774.452381 -0.0125666 -0.0144518 -0.0173998 -0.1477766 0.0079557 0.0057622 0.9889720
1311867775.688565 -0.0109077 -0.0063390 -0.0126482 -0.1875723 0.0100484 0.0098438 0.9821501
1311867777.152811 -0.0094684 0.0019498 -0.0033558 -0.2336955 0.0095187 0.0097248 0.9722146
1311867788.391064 -0.0440404 -0.0587312 -0.0370214 0.0289294 0.0485561 -0.1844406 0.9812171
1311867789.489250 -0.0650368 -0.0631499 -0.0455944 0.0449238 0.0624518 -0.2405776 0.9675764
1311867791.327767 -0.0971722 -0.0505540 -0.0432676 0.0289269 0.0774967 -0.3624187 0.9283373
1311867792.689648 -0.1148456 -0.0486111 -0.0507492 0.0487186 0.0965928 -0.4516271 0.8856236
1311867793.089612 -0.1229075 -0.0478533 -0.0521247 0.0559359 0.1059667 -0.4804354 0.8688061
1311867794.389831 -0.1375589 -0.0275328 -0.0453782 0.0481669 0.0972996 -0.5521476 0.8266473
1311867795.089715 -0.1468062 -0.0128464 -0.0435426 0.0479274 0.1033195 -0.5904661 0.7989855
1311867795.825649 -0.1446562 0.0000892 -0.0428269 0.0241813 0.1054355 -0.6077756 0.7867067
1311867800.157882 -0.0926305 0.0218817 -0.0306138 -0.0235385 0.0750794 -0.4421442 0.8934862
1311867811.794650 0.0479926 0.0734152 -0.1556402 0.0842144 -0.0414818 0.3708383 0.9239405
1311867813.362864 0.0481226 0.0841908 -0.1562172 0.1021094 -0.0558873 0.4536381 0.8835512
1311867813.926890 0.0508651 0.0977359 -0.1571083 0.1090537 -0.0573203 0.4923957 0.8616079
1311867814.227125 0.0523131 0.1052225 -0.1582992 0.1239282 -0.0479325 0.5125180 0.8483334
1311867815.327263 0.0555902 0.1234193 -0.1590020 0.1167914 -0.0307141 0.5609264 0.8190104
1311867815.995327 0.0596690 0.1297286 -0.1535586 0.1028356 -0.0265865 0.5814781 0.8065986
