1311867170.462290 0.0000000 0.0000000 0.0000000 0.0000000 0.0000000 0.0000000 1.0000000
1311867171.126251 -0.0220335 -0.0302883 -0.0429662 0.0094443 -0.0171234 -0.0090963 0.9997674
1311867171.326387 -0.0065868 -0.0285233 -0.0498066 0.0100277 -0.0082392 -0.0137108 0.9998218
1311867174.463016 -0.1999111 -0.0126868 -0.0873084 -0.0318334 -0.0468223 -0.0368406 0.9977160
1311867176.026851 -0.3107296 0.0050490 -0.0863287 -0.0482476 -0.0557010 -0.0448340 0.9962728
1311867177.026728 -0.3722208 0.0218418 -0.1076893 -0.0294733 -0.0625893 -0.0501752 0.9963415
1311867178.195046 -0.4357144 0.0401081 -0.1274047 -0.0274136 -0.0692461 -0.0526744 0.9958308
1311867179.330715 -0.4876239 0.0469770 -0.1420276 -0.0152078 -0.0697794 -0.0562583 0.9958587
1311867190.099590 0.1835279 -0.0628538 -0.0918663 -0.0277061 -0.0541652 -0.0500785 0.9968905
1311867191.199389 0.2767847 -0.0764818 -0.0737678 -0.0287038 -0.0577540 -0.0517114 0.9965774
1311867191.963470 0.3229049 -0.0825546 -0.0517079 -0.0403050 -0.0629170 -0.0543196 0.9957240
1311867193.531619 0.3998744 -0.0996228 -0.0305061 -0.0457473 -0.0564057 -0.0548555 0.9958496
1311867204.700261 -0.0314778 -0.1008829 -0.1269437 0.0000506 -0.0545324 -0.0829378 0.9950616
1311867207.300500 -0.0628836 -0.2427595 -0.1072741 0.0098202 -0.0642056 -0.0609465 0.9960254
1311867208.300597 -0.0787374 -0.2954229 -0.1057739 0.0208682 -0.0696691 -0.0720997 0.9947423
1311867209.300548 -0.0913426 -0.3306783 -0.1058231 0.0278732 -0.0736228 -0.0744416 0.9941133
1311867209.836574 -0.1000100 -0.3520816 -0.1140972 0.0356663 -0.0788216 -0.0747397 0.9934430
1311867212.437295 -0.0949624 -0.3273633 -0.1384408 0.0418106 -0.0689613 -0.0791725 0.9935935
1311867221.907739 0.0043078 0.0324250 -0.1629981 -0.0183346 -0.0383589 -0.0680439 0.9967760
1311867222.608424 -0.0006237 0.0726062 -0.1580311 -0.0397166 -0.0499523 -0.0783719 0.9948795
1311867225.279255 -0.0057247 0.1891514 -0.1616151 -0.0333923 -0.0340714 -0.0562652 0.9972755
1311867227.573742 -0.0255843 0.2816054 -0.1861802 -0.0132025 -0.0442737 -0.0553919 0.9973952
1311867230.506080 -0.0341468 0.2133290 -0.2147412 0.0167253 -0.0523721 -0.0483716 0.9973152
1311867233.042232 -0.0445510 0.1275526 -0.2395579 0.0271433 -0.0654276 -0.0418051 0.9966117
1311867240.974622 -0.0585622 -0.0009354 0.1149129 -0.0123711 -0.0763496 -0.0617132 0.9950926
1311867242.275028 -0.0888005 0.0057789 0.1786957 -0.0217081 -0.0694949 -0.0615606 0.9954444
1311867243.942765 -0.0995412 -0.0068186 0.2624733 -0.0381694 -0.0411529 -0.0492943 0.9972059
1311867245.510882 -0.0932420 -0.0051203 0.3601144 -0.0544725 -0.0328031 -0.0471625 0.9968613
1311867256.746329 -0.0483367 -0.0319003 -0.3147075 0.0023496 -0.0778635 -0.0627191 0.9949865
1311867260.312068 0.0318168 -0.0363274 -0.5691603 0.0309518 -0.0538008 -0.0526992 0.9966796
1311867262.680238 0.0385617 -0.0002261 -0.7922314 0.0542787 -0.0356854 -0.0458461 0.9968342
1311867265.280318 0.0947409 0.0307813 -0.9749019 0.0902356 -0.0580090 -0.0642319 0.9921526
1311867265.580223 0.0968743 0.0312361 -0.9915972 0.0979131 -0.0548601 -0.0586814 0.9919475
1311867267.780391 0.0845478 0.0300856 -1.0062013 0.0918831 -0.0447642 -0.0561923 0.9931747
1311867278.084826 -0.0558724 -0.1583854 -0.0997863 -0.0153843 -0.0255823 -0.0501754 0.9982942
1311867280.185202 -0.0424139 -0.1558246 0.0885114 -0.0220194 -0.0416982 -0.0570588 0.9972566
1311867281.449183 -0.0322237 -0.1544329 0.1831677 -0.0752236 -0.0263391 -0.0631032 0.9948194
1311867283.285375 -0.0116314 -0.1595301 0.2623498 -0.0829888 -0.0462535 -0.0580198 0.9937842
1311867292.022520 -0.0184827 -0.1566821 0.2808170 -0.0713957 -0.0551066 -0.0649297 0.9938058
