1311868164.363181 -0.0000012 0.0000596 -0.0000590 -0.0000096 -0.0000711 -0.0000593 1.0000000
1311868164.599061 0.0129842 0.0042071 -0.0195271 -0.0070058 0.0029624 -0.0135826 0.9998788
1311868164.631140 0.0154498 0.0046535 -0.0232606 -0.0049862 0.0036323 -0.0145566 0.9998750
1311868164.799138 0.0409413 0.0013455 -0.0368699 -0.0002234 -0.0047961 -0.0131208 0.9999024
1311868165.731234 0.2962577 0.0412791 -0.0909891 -0.0029384 -0.0522925 -0.0371598 0.9979359
1311868166.099206 0.3064099 0.0723253 -0.1527203 -0.0196602 -0.0187759 -0.0256314 0.9993017
1311868166.331189 0.3071107 0.1143432 -0.1900311 -0.0432168 -0.0056490 -0.0193373 0.9988626
1311868167.163230 0.4786238 0.1370757 -0.2444783 -0.0397708 -0.0396801 -0.0457102 0.9973738
1311868168.263256 0.6603920 0.0968977 -0.1900568 -0.0372414 -0.0866626 -0.0606089 0.9936947
1311868168.999373 0.6558558 0.0026580 -0.0656101 -0.0199480 -0.1202357 -0.0757559 0.9896497
1311868169.731279 0.7339619 -0.1414113 0.0540811 0.0353409 -0.2381076 -0.1457579 0.9595887
1311868170.163416 0.8043617 -0.1871789 0.0745854 0.0437718 -0.2557764 -0.1239923 0.9577518
1311868170.999483 0.9548261 -0.1528213 0.0037411 0.0272142 -0.2609046 -0.1343287 0.9555857
1311868171.663411 1.0977459 -0.1403776 0.0306224 0.0203655 -0.3036911 -0.1704857 0.9371721
1311868172.199781 1.2231733 -0.1260673 0.0994979 -0.0109829 -0.3175782 -0.1926752 0.9283856
1311868172.663612 1.2993546 -0.1066533 0.1671759 -0.0439909 -0.3051282 -0.2117587 0.9274265
1311868173.167457 1.3173733 -0.1280528 0.2958063 -0.0831380 -0.2923807 -0.2265005 0.9253643
1311868173.799549 1.3473554 -0.2034960 0.4068027 -0.0748401 -0.3202294 -0.2268777 0.9167216
1311868174.231617 1.4060326 -0.2791238 0.4812933 -0.0448779 -0.3779683 -0.2643890 0.8861289
1311868174.931819 1.4407387 -0.3631001 0.5749357 -0.0234732 -0.4206498 -0.2590489 0.8691354
1311868175.199578 1.4037712 -0.4159893 0.5997373 0.0103698 -0.4236419 -0.2560022 0.8688400
1311868175.400048 1.3811793 -0.4479117 0.6265924 0.0365607 -0.4412576 -0.2281128 0.8671330
1311868175.599867 1.3672497 -0.4714769 0.6600735 0.0507171 -0.4548321 -0.2050657 0.8651611
1311868175.799815 1.3663093 -0.5021780 0.6970174 0.0659816 -0.4691265 -0.2013429 0.8573377
1311868176.032043 1.3871036 -0.5367798 0.7446648 0.0727039 -0.4986682 -0.2083402 0.8382354
1311868176.267779 1.4208133 -0.5700089 0.8071290 0.0730679 -0.5245574 -0.2349337 0.8150502
1311868176.499760 1.4574807 -0.5889950 0.8811940 0.0528149 -0.5324546 -0.2508562 0.8067056
1311868176.831887 1.4782739 -0.6070626 0.9504814 0.0377977 -0.5392524 -0.2581996 0.8006942
1311868177.331730 1.4444818 -0.6453680 1.0429446 0.0331973 -0.5313711 -0.2745001 0.8007449
1311868177.667866 1.4238129 -0.6664062 1.1161817 0.0218626 -0.5281369 -0.2864225 0.7990967
1311868177.931937 1.4308395 -0.6745493 1.1706357 0.0133240 -0.5490530 -0.2971027 0.7810847
1311868178.199855 1.4617093 -0.6961002 1.2346561 0.0112808 -0.5826899 -0.3257430 0.7444708
1311868178.467895 1.5026405 -0.6999028 1.2818642 0.0074513 -0.5977507 -0.3347610 0.7284049
1311868178.831967 1.5725117 -0.7028909 1.2993388 -0.0083148 -0.6141997 -0.3326180 0.7155801
1311868179.300467 1.7255481 -0.6883677 1.2830064 -0.0180240 -0.6036376 -0.3368755 0.7223653
1311868179.867839 1.8685055 -0.7004680 1.3220396 -0.0409037 -0.5850199 -0.3509603 0.7300037
1311868180.432000 1.9734776 -0.7400623 1.4272261 -0.0592711 -0.6154373 -0.3683119 0.6943128
1311868181.432419 1.9934709 -0.7918643 1.5372818 -0.0631113 -0.6054007 -0.3707072 0.7014864
1311868182.368183 1.7472355 -0.8377049 1.6003402 -0.0626509 -0.5981441 -0.3599410 0.7132608
1311868182.668039 1.6548709 -0.8693167 1.6297631 -0.0462353 -0.6150553 -0.3480746 0.7059839
1311868182.936274 1.5657979 -0.9086285 1.6710843 -0.0269278 -0.6522717 -0.3497347 0.6719391
1311868183.236295 1.4483610 -0.9771051 1.7155666 0.0022267 -0.6844904 -0.3717135 0.6271339
1311868183.500255 1.3711489 -1.0084822 1.7291288 0.0018534 -0.7101129 -0.3813810 0.5918486
1311868183.768221 1.2847657 -1.0317810 1.7504930 -0.0294348 -0.7249010 -0.3764797 0.5761207
1311868184.036316 1.1973383 -1.0629568 1.7500359 -0.0207682 -0.7220911 -0.3820531 0.5763580
1311868184.336293 1.1170808 -1.0803487 1.7584995 -0.0142774 -0.7220645 -0.3649226 0.5875803
1311868184.600381 1.0425761 -1.0948956 1.7791030 -0.0140872 -0.7367010 -0.3574098 0.5738742
1311868184.900445 0.9506831 -1.1391785 1.8101220 0.0020744 -0.7703441 -0.3565597 0.5286122
1311868185.200754 0.8708306 -1.1684674 1.8344687 -0.0125016 0.7865452 0.3630727 -0.4993683
1311868185.468575 0.8035826 -1.1827302 1.8536197 0.0202060 -0.7936895 -0.3452196 0.5004719
1311868185.668624 0.7677370 -1.1933193 1.8572254 0.0428820 -0.7929161 -0.3337189 0.5080126
1311868185.800441 0.7453877 -1.1931884 1.8624713 0.0423564 -0.7950069 -0.3177981 0.5149508
1311868185.900384 0.7316080 -1.1889772 1.8701110 0.0327699 -0.7993010 -0.3161202 0.5100118
1311868186.000413 0.7134744 -1.1918252 1.8768616 0.0311512 -0.8028691 -0.3219227 0.5007960
1311868186.168524 0.6874479 -1.1907308 1.8969808 -0.0319400 0.8116447 0.3334742 -0.4785475
1311868186.468526 0.6533982 -1.1947777 1.9463972 -0.0190826 0.8346663 0.3601022 -0.4162864
1311868186.869317 0.6804053 -1.1990420 1.9984049 -0.0019402 0.8423375 0.3762312 -0.3858935
1311868187.169000 0.7331585 -1.2151247 2.0322189 0.0055167 0.8364586 0.3803195 -0.3945425
1311868187.468568 0.7871149 -1.2280174 2.0794685 0.0068831 0.8188660 0.4048015 -0.4068745
1311868188.000735 0.8105453 -1.2572011 2.1869824 0.0052408 0.8241125 0.4120408 -0.3886303
1311868188.300900 0.7814119 -1.2642632 2.2984903 0.0145685 0.8313338 0.4341414 -0.3466886
1311868188.601444 0.7856589 -1.2597692 2.3658669 0.0332313 0.8281391 0.4563217 -0.3238085
1311868188.968696 0.8736830 -1.2694645 2.4374669 0.0606139 0.8183401 0.4724238 -0.3216538
1311868189.400547 0.9817468 -1.2951034 2.5140305 0.0642593 0.7960661 0.4996070 -0.3354733
1311868190.002005 1.0171847 -1.3393632 2.6463392 0.0716104 0.7841399 0.5097633 -0.3466093
1311868191.036646 0.9797477 -1.4330480 2.8452423 0.0745713 0.7853249 0.5002732 -0.3569741
1311868193.205121 0.7834905 -1.4565108 2.7243278 0.0560026 0.7977563 0.4874496 -0.3504875
1311868195.109504 0.6427988 -1.5999049 2.6569588 0.0338826 0.8418118 0.4560503 -0.2867455
1311868195.969019 0.6194198 -1.6283221 2.8174322 0.0211072 0.8224832 0.4649501 -0.3269517
1311868196.869030 0.7088283 -1.6397009 2.9659498 0.0735053 0.7808777 0.4826287 -0.3897391
1311868197.705186 0.6296964 -1.6865518 3.1570859 0.0671208 0.7842925 0.5212551 -0.3296562
1311868199.005125 0.4583129 -1.6692592 3.2289715 0.0734162 0.7767452 0.5431135 -0.3103300
1311868200.305197 0.2503785 -1.6848578 3.2811852 0.0639161 0.8050828 0.5552096 -0.1987429
1311868202.073300 0.0462297 -1.7030052 3.3723543 0.0591145 0.8054053 0.5701579 -0.1508234
1311868203.137538 -0.1060176 -1.7192538 3.3697371 0.0413450 0.8175012 0.5635837 -0.1111565
1311868203.837454 -0.1660632 -1.7916641 3.2573996 0.0373361 0.8334811 0.5504953 -0.0294983
1311868204.573698 -0.3055771 -1.8691356 3.1283154 0.0221980 0.8270177 0.5609751 0.0292552
1311868205.405669 -0.4029420 -1.9692932 3.0530906 0.0159997 0.8430734 0.5367510 0.0294880
1311868207.705850 -0.5814488 -1.8865952 3.0961423 0.0037483 0.8582556 0.5087699 0.0673531
1311868208.637812 -0.7098923 -1.8116319 3.2235959 -0.0049615 0.8424844 0.5346914 0.0655781
1311868209.905787 -0.8063155 -1.6247237 3.2145433 0.0030723 0.8144898 0.5766196 0.0640837
1311868211.906024 -1.0747359 -1.5519946 3.2098131 -0.0112540 0.8072137 0.5721904 0.1444908
1311868213.642086 -1.2697634 -1.5076561 3.0858958 -0.0280032 0.8102235 0.5634778 0.1588911
1311868214.806468 -1.3564317 -1.4667823 2.9840875 -0.0055793 0.8111876 0.5379411 0.2292661
1311868215.742205 -1.4016241 -1.4889119 2.8513839 -0.0313376 0.7999212 0.5062746 0.3206711
1311868216.474357 -1.3930759 -1.5456092 2.7375169 -0.0197215 0.7980503 0.4954778 0.3423865
1311868217.074615 -1.4167695 -1.5864683 2.6526642 -0.0084348 0.8052192 0.4859186 0.3397558
1311868219.042799 -1.4704772 -1.4958768 2.6586838 -0.0078163 0.8169717 0.4519437 0.3581105
1311868219.474442 -1.5180274 -1.3905207 2.6986241 0.0101590 0.8069193 0.4610031 0.3691263
1311868220.210459 -1.5570146 -1.2697120 2.7794547 0.0325079 0.7716888 0.4850315 0.4101025
1311868221.074778 -1.6363697 -1.1861401 2.8401759 0.0039186 0.7395961 0.5136451 0.4349149
1311868223.343366 -1.7582049 -1.1100628 2.7079902 -0.0101451 0.7197914 0.5132455 0.4673078
1311868224.978324 -1.9175785 -1.0322871 2.5314646 -0.0057884 0.7045113 0.4890385 0.5142682
1311868226.543455 -2.0536914 -0.9582798 2.3972707 -0.0011779 0.6918647 0.4811457 0.5383499
1311868227.179137 -2.0490065 -0.9142296 2.2390275 -0.0026858 0.6885958 0.4666368 0.5550484
1311868227.711001 -2.0389681 -0.8782127 2.1397913 0.0135000 0.6689481 0.4572521 0.5858726
1311868228.279971 -2.0760570 -0.8376130 2.0459468 0.0055226 0.6284239 0.4265768 0.6504499
1311868228.912667 -2.1465328 -0.7881340 1.9359875 -0.0112586 0.6127168 0.4058849 0.6780183
1311868229.413148 -2.1300571 -0.7881512 1.8611667 -0.0075930 0.6081434 0.4280780 0.6684707
1311868229.782489 -2.0501988 -0.8017671 1.7977494 -0.0161964 0.6040919 0.4300992 0.6706901
1311868230.012490 -1.9932485 -0.8247494 1.7598737 -0.0105683 0.6029449 0.4326383 0.6702014
1311868230.214879 -1.9477675 -0.8402863 1.7262113 -0.0121223 0.6103002 0.4342934 0.6624017
1311868230.443234 -1.9029520 -0.8664443 1.6834236 -0.0148638 0.5992958 0.4495665 0.6622036
1311868230.613609 -1.8686757 -0.8616744 1.6561077 -0.0030668 0.6037979 0.4656341 0.6469958
1311868230.812536 -1.8380806 -0.8714049 1.6161854 0.0095989 0.6121872 0.4473294 0.6519441
1311868231.043362 -1.8011997 -0.8764626 1.5708205 -0.0118985 0.6153691 0.4355099 0.6568945
1311868231.313322 -1.7688718 -0.8946609 1.5274315 -0.0468448 0.6129333 0.4327039 0.6594586
1311868231.843239 -1.6654935 -0.9510704 1.4776516 -0.0761451 0.6070064 0.4389030 0.6581104
1311868232.211380 -1.6041793 -1.0045140 1.4706100 -0.0887054 0.5981041 0.4369268 0.6659564
1311868232.643442 -1.5361516 -1.0591218 1.4640399 -0.0842552 0.6092543 0.4463798 0.6499656
1311868234.079556 -1.6221175 -0.9907697 1.4090919 -0.0495272 0.5919474 0.4075309 0.6935877
1311868234.443480 -1.7063473 -0.9509870 1.3686597 -0.0490116 0.5917719 0.3684986 0.7152711
1311868234.879399 -1.7990811 -0.8832422 1.3269086 -0.0511290 0.5857507 0.3613232 0.7236902
1311868235.279710 -1.8704321 -0.8115515 1.2900965 -0.0526182 0.5764385 0.3704147 0.7264591
1311868235.611793 -1.8979599 -0.7471364 1.2573922 -0.0417121 0.5860948 0.3674988 0.7209006
1311868235.979648 -1.9102386 -0.6830819 1.2321671 -0.0396315 0.5855175 0.3626854 0.7239185
1311868236.311580 -1.9044222 -0.6268522 1.1991932 -0.0343123 0.5601834 0.3631452 0.7437357
1311868236.543672 -1.8982289 -0.5880730 1.1782174 -0.0377788 0.5562608 0.3568963 0.7495143
1311868236.879498 -1.9002353 -0.5381668 1.1592562 -0.0170076 0.5417786 0.3463603 0.7656509
1311868237.111617 -1.9003866 -0.5006549 1.1463219 -0.0091123 0.5289786 0.3516169 0.7723109
1311868237.379984 -1.9110968 -0.4523183 1.1040050 0.0009512 0.5130901 0.3431316 0.7867646
1311868237.611575 -1.9158692 -0.4120011 1.0494831 -0.0115927 0.4988928 0.3272960 0.8024020
1311868237.911846 -1.9345939 -0.3622658 0.9775881 -0.0180744 0.4779892 0.3106167 0.8214116
1311868238.147711 -1.9453920 -0.3197775 0.9328287 -0.0214114 0.4650172 0.3155904 0.8268635
1311868238.511638 -1.9385704 -0.2736697 0.8827533 -0.0180002 0.4565363 0.3139297 0.8322852
1311868238.747681 -1.9217248 -0.2485678 0.8563779 -0.0269307 0.4571545 0.3169123 0.8305727
1311868239.079767 -1.8782072 -0.2109900 0.8233560 -0.0269453 0.4502093 0.3242023 0.8315518
1311868239.447769 -1.8411498 -0.1814271 0.7905249 -0.0198134 0.4179375 0.3160943 0.8514811
1311868239.847692 -1.8137949 -0.1417920 0.7678708 -0.0331404 0.3921294 0.2970298 0.8700055
1311868240.111831 -1.8045589 -0.1054301 0.7176414 -0.0370457 0.3683879 0.2848230 0.8841910
1311868240.379758 -1.8000472 -0.0674375 0.6492352 -0.0471725 0.3581862 0.2689428 0.8928310
1311868240.647892 -1.8109958 -0.0257818 0.6064017 -0.0587335 0.3507189 0.2547320 0.8992543
1311868240.947862 -1.8104316 -0.0081853 0.5688201 -0.0649766 0.3481265 0.2678720 0.8960081
1311868241.247832 -1.7650112 -0.0474939 0.5479157 -0.0744340 0.3518016 0.2680855 0.8937703
1311868241.579911 -1.7011676 -0.1092133 0.5280907 -0.0627643 0.3476825 0.2856622 0.8908280
1311868241.879857 -1.6428598 -0.1583456 0.5037096 -0.0631716 0.3392704 0.2705776 0.8987172
1311868242.147934 -1.6017436 -0.1857729 0.4652719 -0.0648282 0.3169729 0.2463622 0.9135815
1311868242.479984 -1.5692334 -0.1908280 0.4186700 -0.0603753 0.2881811 0.2225135 0.9294053
1311868242.948092 -1.5340053 -0.1738069 0.3930061 -0.0466166 0.2860333 0.2067149 0.9344949
1311868243.411942 -1.4916427 -0.1489802 0.3560157 -0.0325592 0.2796276 0.2063397 0.9371085
1311868243.747912 -1.4559907 -0.1100349 0.2937737 -0.0489045 0.2448372 0.1705975 0.9531839
1311868244.048067 -1.4173908 -0.0704251 0.2349415 -0.0617893 0.2119556 0.1590064 0.9622754
1311868244.448220 -1.3870494 0.0048784 0.1866023 -0.0595571 0.1861421 0.1366114 0.9711547
1311868244.812104 -1.3536428 0.0594259 0.1497874 -0.0621435 0.1908294 0.1465057 0.9686374
1311868245.148152 -1.2985429 0.1050417 0.1460228 -0.0759754 0.2069210 0.1381548 0.9655696
1311868245.480081 -1.2288740 0.1244788 0.1315634 -0.0553283 0.1827946 0.1325042 0.9726086
1311868245.816257 -1.1577237 0.1604142 0.1063243 -0.0531870 0.1648447 0.1536418 0.9728265
1311868246.116229 -1.1133409 0.2062234 0.0643984 -0.0736922 0.1413896 0.1366119 0.9777094
1311868246.548357 -1.0744395 0.2659310 -0.0183333 -0.0900464 0.1303227 0.1291719 0.9788883
1311868247.880235 -0.8969463 0.2317159 -0.0485281 -0.0917062 0.1431818 0.1267015 0.9772593
1311868248.348315 -0.7954532 0.1662716 -0.0045102 -0.0919802 0.1181871 0.1226682 0.9810830
1311868248.748482 -0.6849708 0.1209710 0.0210866 -0.1117353 0.0907952 0.0819547 0.9861820
1311868249.048258 -0.6026369 0.0827494 0.0328485 -0.1226469 0.0825983 0.0784990 0.9858870
1311868249.348357 -0.5363325 0.0560938 0.0508147 -0.1244137 0.0852189 0.0766772 0.9855859
1311868249.716340 -0.4927152 -0.0083345 0.0916811 -0.1156968 0.0879170 0.0744130 0.9865838
1311868250.016358 -0.4665190 -0.0629978 0.1424569 -0.1070796 0.0987937 0.0755118 0.9864440
1311868250.448319 -0.4519238 -0.1496238 0.2057135 -0.0942304 0.0962501 0.0754186 0.9880124
1311868250.848395 -0.4412517 -0.2155975 0.2362702 -0.0831877 0.0836410 0.0742933 0.9902346
1311868251.948786 -0.3405541 -0.1344305 0.1613759 -0.0790007 0.0716824 0.0452169 0.9932653
1311868252.280693 -0.2611168 -0.1053951 0.1016836 -0.0743795 0.0610259 0.0168873 0.9952177
1311868252.580747 -0.1858146 -0.0575216 0.0518460 -0.0834159 0.0413247 0.0081378 0.9956244
1311868253.116735 -0.0621143 0.0051826 0.0122178 -0.0995515 0.0350462 0.0207560 0.9941984
1311868253.648742 0.0594719 0.0211355 0.0317236 -0.1081812 0.0420684 0.0217874 0.9930017
1311868254.180791 0.1758105 0.0389783 0.0410970 -0.1051870 0.0167226 0.0138591 0.9942153
1311868254.548867 0.2744409 0.0536755 0.0267626 -0.1231664 -0.0325233 -0.0138462 0.9917563
1311868254.916952 0.3714521 0.0902824 0.0050412 -0.1412473 -0.0618639 -0.0298584 0.9875882
1311868255.316993 0.4426499 0.1107738 -0.0162845 -0.1459164 -0.0798336 -0.0329019 0.9855214
1311868256.117284 0.5765620 0.0961932 0.0260488 -0.1462862 -0.0892822 -0.0422631 0.9842982
1311868256.517192 0.6683524 0.0486314 0.0698227 -0.1336739 -0.1018792 -0.0555600 0.9842078
1311868257.049224 0.7720619 -0.0064762 0.1254841 -0.1182720 -0.1351631 -0.0741835 0.9809381
1311868257.549492 0.8697443 -0.0830704 0.1619976 -0.1271993 -0.1790886 -0.1221669 0.9678961
1311868257.985217 0.9188113 -0.1515257 0.1861067 -0.1207692 -0.2086332 -0.1578958 0.9575781
1311868258.416975 0.9180412 -0.2388762 0.2576603 -0.1468910 -0.2375084 -0.1806028 0.9430776
1311868258.817013 0.9091067 -0.3396089 0.3267652 -0.1345502 -0.2529647 -0.1694608 0.9429677
1311868259.285039 0.9254649 -0.4157639 0.4159190 -0.1079441 -0.2799358 -0.1988539 0.9329743
1311868260.149117 1.0171831 -0.4678068 0.5159552 -0.0865752 -0.3047040 -0.2281472 0.9206569
1311868263.085224 0.9413536 -0.4235845 0.4831191 -0.1079882 -0.3206771 -0.2296690 0.9125552
